# Constructed from biom file
#OTU ID	515rcbc32	515rcbc25	515rcbc16	515rcbc34	515rcbc29	515rcbc11	515rcbc31	515rcbc33	515rcbc10	515rcbc9	515rcbc8	515rcbc12	515rcbc27	515rcbc19	515rcbc30	515rcbc23	515rcbc22	515rcbc28	515rcbc37	515rcbc17	515rcbc14	515rcbc35	515rcbc18	515rcbc13	515rcbc36	515rcbc15	515rcbc24	515rcbc21	515rcbc26	515rcbc20
D_0__Archaea;D_1__Crenarchaeota;D_2__Bathyarchaeia	0.0	0.0	0.0	0.0	0.0	1.01721121374e-05	0.0	0.0	0.0	0.0	0.0	6.72277946594e-07	0.0	0.0	7.3749032044e-06	0.0	0.0	0.0	0.0	0.0	0.0	0.0	0.0	0.0	0.0	0.0	0.0	0.0	0.0	0.0
D_0__Archaea;D_1__Diapherotrites;D_2__Micrarchaeia	0.0	0.0	0.0	0.0	0.0	0.0	0.0	0.0	0.0	0.0	0.0	0.0	0.0	0.0	5.16243224308e-05	0.0	0.0	0.0	0.0	0.0	0.0	0.0	0.0	0.0	0.0	0.0	0.0	0.0	1.92534784618e-05	0.0
D_0__Archaea;D_1__Euryarchaeota;D_2__Methanobacteria	0.0	0.0	0.0	0.0	0.0	0.0	0.0	0.0	0.0	3.01277416245e-05	0.0	1.61346707183e-05	0.0	1.35381199613e-05	7.3749032044e-06	2.6747622805e-05	0.0	0.0	0.0	0.0	0.0	0.0	0.0	0.0	0.0	0.0	0.0	0.0	0.0	0.0
D_0__Archaea;D_1__Euryarchaeota;D_2__Methanomicrobia	0.0	0.0	0.0	0.0	0.0	0.0	0.0	0.0	5.47282468901e-06	4.51916124367e-05	0.0	2.62188399172e-05	0.0	0.0	7.3749032044e-06	0.0	0.0	0.0	0.0	0.0	0.0	0.0	8.80909803645e-06	0.0	0.0	0.0	0.0	0.0	0.0	0.0
D_0__Archaea;D_1__Euryarchaeota;D_2__Thermoplasmata	0.0	0.0	0.0	0.0	1.80028804609e-05	0.0	0.0	0.0	5.47282468901e-06	1.50638708122e-05	0.0	2.68911178638e-06	0.0	0.0	0.00078911464287	0.0	0.0	8.67558516822e-06	0.0	0.000138593735563	8.01205012339e-06	5.66289895123e-05	7.04727842916e-05	0.0	0.0	3.73915644631e-05	5.38024910553e-06	0.0	0.000166863480002	0.0
D_0__Archaea;D_1__Nanoarchaeaeota;D_2__Woesearchaeia	3.24226180183e-05	0.0	0.0	6.39969281474e-05	1.20019203072e-05	3.05163364121e-05	0.0	3.80916103228e-05	0.0	0.0	2.37366184813e-05	0.0	0.0	6.76905998064e-06	0.0	4.01214342075e-05	1.98524959551e-05	0.0	7.99539465268e-05	0.0	3.20482004935e-05	0.0	3.52363921458e-05	1.67518217606e-05	0.0	0.0	5.91827401609e-05	6.8331098337e-05	6.41782615393e-06	0.0
D_0__Archaea;D_1__Thaumarchaeota;D_2__Group 1.1c	1.08075393394e-05	7.90270193379e-05	2.88690269983e-05	0.0	6.00096015362e-06	0.0	0.0	0.0	0.0	0.0	7.1209855444e-05	0.0	0.0	0.0	0.0	0.0	0.0	0.0	0.0	0.0	0.0	0.0	0.0	0.0	0.0	0.0	0.0	0.0	0.0	0.0
D_0__Archaea;D_1__Thaumarchaeota;D_2__Nitrososphaeria	0.00699247795262	0.00531061569951	0.0300122404674	0.0420779802569	0.0307609217475	0.0113215608089	0.00884776072781	0.017693552995	0.015504512344	0.0495601349723	0.0127465641245	0.00161615618361	0.0185632549269	0.018872139226	0.0641469080718	0.0321238949888	0.0160705954756	0.0445317786685	0.021363694512	0.0357109858634	0.0276095247252	0.0324710625864	0.0328403174799	0.0220118937935	0.00494170966773	0.0256038737661	0.0585747720119	0.0138028818641	0.0672203111362	0.0199081163859
D_0__Bacteria;D_1__Acidobacteria;D_2__AT-s3-28	0.000270188483486	6.32216154703e-05	8.66070809949e-05	0.000143993088332	0.000162025924148	0.000213614354885	0.000140564601148	0.000152366441291	8.75651950241e-05	0.000120510966498	0.000213629566332	5.98327372469e-05	0.000339054884509	0.000182764619477	0.000154872967292	9.36166798176e-05	9.92624797753e-05	0.000225565214374	0.000143917103748	0.000194031229788	0.000160241002468	0.000249167553854	0.000220227450911	0.000100510930564	8.19067900729e-05	0.00024304516901	0.000209829715116	0.000153744971258	0.000109103044617	0.0
D_0__Bacteria;D_1__Acidobacteria;D_2__Acidobacteriia	0.0537242780564	0.115363642829	0.0282916464583	0.00361582644033	0.00544887181949	0.0153700614396	0.0216157119988	0.00811351299876	0.00894806836653	0.00513677994698	0.116523060125	0.00836179309974	0.00361658543477	0.0125362990841	0.00322283270032	0.00764982012224	0.00405487229882	0.00419898322142	0.00470129205578	0.00257784348147	0.00401403711182	0.00351099734976	0.00258987482272	0.00405394086607	0.00682556583941	0.00307545617709	0.00354558416055	0.00385216566875	0.00226549263234	0.00918836140888
D_0__Bacteria;D_1__Acidobacteria;D_2__Aminicenantia	0.0	0.0	0.0	0.0	0.0	0.0	0.0	0.0	1.0945649378e-05	0.0	0.0	0.0	0.0	0.0	0.0	0.0	0.0	0.0	0.0	0.0	0.0	0.0	0.0	0.0	0.0	0.0	0.0	0.0	0.0	0.0
D_0__Bacteria;D_1__Acidobacteria;D_2__Blastocatellia (Subgroup 4)	0.0314391319384	0.0367949802037	0.0314383704012	0.0399660816281	0.0327532405185	0.0308418440005	0.0301432978017	0.0306447005047	0.0343583933976	0.0621384671005	0.0227871537421	0.0420180439401	0.0253302253302	0.0446893339922	0.0393377336922	0.0503925213647	0.0412038553547	0.0425277184946	0.037914161443	0.0248359974129	0.0318398871903	0.115307948445	0.0424158070455	0.0517296255968	0.00761733147678	0.0287167215076	0.0372528448067	0.0420663324137	0.0476395235406	0.0245022970904
D_0__Bacteria;D_1__Acidobacteria;D_2__Holophagae	0.00354487290334	0.00318478887932	0.00108547541514	0.00417579956162	0.00337253960634	0.00265492126785	0.000866815040412	0.00370440910389	0.00209609185589	0.00329898770788	0.00403522514183	0.000724715626429	0.00258529349438	0.00236240193324	0.00526568088794	0.00337020047343	0.00334514556843	0.00182187288533	0.00879493411795	0.00221749976901	0.00254783193924	0.00455297075679	0.00398171231248	0.00437222547952	0.00046413847708	0.00560873466946	0.00404056707826	0.00521878763549	0.00315757046773	0.0
D_0__Bacteria;D_1__Acidobacteria;D_2__Subgroup 11	0.00058360712433	0.000173859442543	0.0016282131227	0.00540774042846	0.00412866058569	0.000213614354885	0.000734059583773	0.00336158461099	0.003185183969	0.00390154254037	0.000617152080515	0.00214725576142	0.00163876527513	0.0023420947533	0.00387919908551	0.00256777178928	0.00247659887039	0.00372182603717	0.00180695919151	0.00254088515199	0.00330897670096	0.00379414229732	0.0037702939596	0.00338386799564	0.000191115843503	0.00224349386778	0.00384149786135	0.00367279653561	0.0114173127278	0.0
D_0__Bacteria;D_1__Acidobacteria;D_2__Subgroup 15	0.000907833304513	0.000181762144477	0.000456130626573	0.000783962369806	0.000744119059049	0.000559466167555	0.000327984069345	0.000342824492905	0.000487081397322	0.000994215473608	0.00135298725344	5.98327372469e-05	0.000226036589673	0.000406143598838	0.002020723478	0.00026747622805	0.000148893719663	0.000286294310551	0.000271843418191	0.000378822877206	0.000336506105182	0.00217455319727	0.00119803733296	0.000335036435212	2.73022633576e-05	0.000289784624589	0.000398138433809	0.000375821040853	0.000815063921548	0.0
D_0__Bacteria;D_1__Acidobacteria;D_2__Subgroup 17	0.00247492650873	0.00113008637653	0.0017610106469	0.00575972353327	0.00493278924628	0.0020140782032	0.00181953067042	0.00382820683744	0.00360111864537	0.00254579416727	0.00232618861117	0.00366996531046	0.00573567846295	0.00387867136891	0.003355580958	0.00282187420593	0.00685407422848	0.00378255513334	0.00414161443009	0.00472142659152	0.00366150690639	0.00467755453372	0.00626326870392	0.00696875785242	0.00046413847708	0.0105070296141	0.00457859198881	0.00813994208939	0.0071879652924	0.00459418070444
D_0__Bacteria;D_1__Acidobacteria;D_2__Subgroup 18	0.000183728168771	7.90270193379e-06	0.000190535578189	0.00193590707646	0.000918146903505	0.000233958579159	0.000187419468197	0.000523759641939	0.000415934676365	0.000451916124367	9.49464739253e-05	0.000272944846317	0.000381436745073	0.000379067358916	0.00147498064088	0.000508204833295	0.000823878582135	0.000546561865598	0.000303824996802	0.000582093689365	0.000584879659007	0.00176682447278	0.00236083827377	0.000753831979228	0.000163813580146	0.0012432695184	0.00134506227638	0.00310052358704	0.0035233865585	0.0
D_0__Bacteria;D_1__Acidobacteria;D_2__Subgroup 19	0.0	0.0	0.0	0.0	0.0	0.0	0.0	0.0	1.6418474067e-05	6.0255483249e-05	0.0	0.0	2.82545737091e-05	0.0	7.3749032044e-06	0.0	4.96312398876e-06	0.0	1.59907893054e-05	0.0	0.0	2.26515958049e-05	3.52363921458e-05	0.0	0.0	5.60873466946e-05	1.07604982111e-05	0.0	3.20891307696e-05	0.0
D_0__Bacteria;D_1__Acidobacteria;D_2__Subgroup 20	5.40376966972e-05	1.58054038676e-05	5.77380539966e-06	1.59992320369e-05	2.40038406145e-05	0.0	0.0	2.85687077421e-05	5.47282468901e-05	3.01277416245e-05	2.37366184813e-05	0.0	2.82545737091e-05	4.06143598838e-05	0.000258121612154	0.0	1.98524959551e-05	8.67558516822e-06	0.0	0.0	0.0	0.000113257979025	8.80909803645e-06	0.0	0.0	3.73915644631e-05	0.0	0.0	0.000141192175386	0.0
D_0__Bacteria;D_1__Acidobacteria;D_2__Subgroup 21	0.0	0.0	0.0	0.0	0.0	0.0	0.0	0.0	0.0	0.0	0.0	0.0	0.0	0.0	1.47498064088e-05	0.0	0.0	0.0	0.0	0.0	0.0	0.0	0.0	0.0	0.0	0.0	0.0	0.0	0.0	0.0
D_0__Bacteria;D_1__Acidobacteria;D_2__Subgroup 22	0.000940255922532	0.000474162116027	0.00184184392249	0.0145912996176	0.00702712433989	0.0010884159987	0.000991761352544	0.0040948481097	0.00450960754374	0.00251566642564	0.000284839421776	0.00482964476833	0.00470438652257	0.00372975204933	0.00222722076773	0.0016048573683	0.0084819788968	0.00442454843579	0.00286235128566	0.00428716622009	0.00473512162292	0.00372618750991	0.0148785665836	0.0117765306977	0.000300324896934	0.00791766377505	0.00592365426519	0.0292115445391	0.0123286440417	0.00459418070444
D_0__Bacteria;D_1__Acidobacteria;D_2__Subgroup 25	4.32301573578e-05	2.37081058014e-05	0.00034642832398	0.00265587251812	0.00102016322612	9.15490092363e-05	0.000163992034673	0.000714217693553	0.00106720081436	0.00156664256447	0.0	0.000655470997929	0.000974782792965	0.000764903777812	0.00277296360485	0.000200607171038	0.000828841706124	0.0014748494786	0.000927465779711	0.00184791647418	0.00125789186937	0.00169886968537	0.00186752878373	0.000904598375073	0.000163813580146	0.000897397547113	0.00210905764937	0.00080289040546	0.00404964830313	0.0
D_0__Bacteria;D_1__Acidobacteria;D_2__Subgroup 5	0.00946740446135	0.00779996680865	0.00739047091157	0.00460777882662	0.00362457993279	0.00573707124547	0.00707508492445	0.00506618417294	0.0104859321041	0.010348879248	0.00550689548767	0.0106018232178	0.00508582326764	0.00685028870041	0.00484531140529	0.0105251895738	0.00762335844674	0.00805961862128	0.00474926442369	0.00339092673011	0.00895747203795	0.00374883910571	0.00714417850756	0.011826786163	0.00144701995795	0.00431872569548	0.00512737739757	0.00994217480803	0.00672588180931	0.00459418070444
D_0__Bacteria;D_1__Acidobacteria;D_2__Subgroup 6	0.110009942936	0.0658057990027	0.0850885701748	0.105946914548	0.0966154584734	0.0877751556333	0.111584865878	0.0761736977431	0.118721985979	0.0845685707399	0.0790429395428	0.0967199558986	0.139662357844	0.108081580711	0.100682178546	0.103326066896	0.099401447247	0.120356393039	0.0928425227069	0.110893467615	0.0811540556998	0.109225994971	0.109629225064	0.129072786666	0.0305512326972	0.114296664672	0.131062868211	0.112045918498	0.117619499923	0.105666156202
D_0__Bacteria;D_1__Acidobacteria;D_2__Subgroup 9	0.0	0.0	4.04166377976e-05	0.00025598771259	0.000144023043687	0.0	2.34274335247e-05	1.90458051614e-05	7.11467209571e-05	0.0	0.0	6.7900072606e-05	0.0	4.73834198645e-05	0.000176997676905	9.36166798176e-05	4.96312398876e-06	0.000121458192355	0.000223871050275	0.000120114570821	8.01205012339e-06	0.000249167553854	0.000220227450911	5.02554652818e-05	0.0	0.0001776099312	0.000188308718694	0.000111038034798	0.000622529136931	0.00153139356815
D_0__Bacteria;D_1__Acidobacteria;D_2__Thermoanaerobaculia	0.00249654158741	0.000331913481219	0.000646666204762	0.00206390093276	0.00145823331733	0.0015258168206	0.000851196751396	0.00177125988001	0.0013463148735	0.00364545673656	0.00213629566332	0.00253314330277	0.0035742035742	0.00326268691067	0.00288358715292	0.00232704318404	0.0019455446036	0.00215154512172	0.00169502366637	0.00159844775016	0.00357337435503	0.00348834575396	0.00385838493997	0.00390317447022	0.000273022633576	0.00215936284774	0.00236192935733	0.0019559776899	0.00203445089079	0.0122511485452
D_0__Bacteria;D_1__Actinobacteria;D_2__0319-7L14	0.0	0.000134345932874	0.00017321416199	3.19984640737e-05	6.60105616899e-05	0.0	0.0	1.90458051614e-05	1.6418474067e-05	0.000105447095686	0.0	6.72277946594e-07	2.82545737091e-05	1.35381199613e-05	0.000877613481323	2.6747622805e-05	1.48893719663e-05	6.07290961775e-05	0.000159907893054	0.000221749976901	8.01205012339e-05	0.000577615693026	7.04727842916e-05	0.0	0.0	2.80436733473e-05	0.0	0.0	8.9849566155e-05	0.0
D_0__Bacteria;D_1__Actinobacteria;D_2__Acidimicrobiia	0.00899187273042	0.0118935664104	0.0148964179311	0.0300145593012	0.0228216514642	0.014291817553	0.00908984420757	0.0212741643653	0.0212017228452	0.0167208966016	0.00985069666975	0.014929948638	0.0269689906054	0.00999113253143	0.0182897599469	0.0157276022094	0.0176091639121	0.0150781670224	0.0212037866189	0.0292987156981	0.0130836778515	0.0175549867488	0.031413243598	0.0157969679203	0.00363120102657	0.0413831139695	0.0199015414414	0.0195426941244	0.0212879293526	0.0229709035222
D_0__Bacteria;D_1__Actinobacteria;D_2__Actinobacteria	0.029515389936	0.0434095417223	0.0489156793459	0.0279026606723	0.0565710513682	0.0379318061602	0.034680410761	0.0398628702028	0.0349822954121	0.044528802121	0.0386906881246	0.0269435555436	0.038468602105	0.0421780127394	0.0319849551975	0.0393591269576	0.0387471089803	0.0332014644388	0.0471248560829	0.0531183590502	0.0363106111592	0.0226062926133	0.0359763563809	0.0254962727197	0.159472520272	0.0481603350284	0.0378823339521	0.0200551773619	0.0219682189249	0.0444104134763
D_0__Bacteria;D_1__Actinobacteria;D_2__Coriobacteriia	0.0	7.90270193379e-06	0.0	0.0	0.0	0.0	0.0	9.52290258071e-06	0.0	1.50638708122e-05	0.0	1.07564471455e-05	0.0	6.76905998064e-06	0.000317120837789	0.0	0.0	1.73511703364e-05	0.0	0.0	0.0	1.13257979025e-05	0.0	0.0	0.0	0.0	1.61407473166e-05	0.0	6.41782615393e-06	0.0
D_0__Bacteria;D_1__Actinobacteria;D_2__FFCH16263	0.0	0.0	0.0	0.0	1.20019203072e-05	0.0	0.0	0.0	0.0	0.0	0.0	2.68911178638e-06	0.0	0.0	2.94996128176e-05	0.0	0.0	0.0	0.0	0.0	0.0	0.0	0.0	0.0	0.0	5.60873466946e-05	1.07604982111e-05	0.0	0.0	0.0
D_0__Bacteria;D_1__Actinobacteria;D_2__MB-A2-108	0.000929448383192	0.000537383731498	0.000698630453359	0.0202870262227	0.0138082093135	0.00114944867152	0.00150716489009	0.0163413008285	0.0132004531499	0.0126687153531	0.000569678843552	0.00217549143518	0.0108497563043	0.00432542932763	0.0130904531878	0.00429299346021	0.0121348381525	0.00825915708015	0.00551682231035	0.024937632819	0.0111768099221	0.00509660905611	0.017644623367	0.00772258983164	0.000791765637371	0.0296141190547	0.0128641756113	0.00877200474901	0.0159162088617	0.0153139356815
D_0__Bacteria;D_1__Actinobacteria;D_2__Nitriliruptoria	0.0	0.0	0.0	0.0	0.0	0.0	0.0	0.0	2.1891298756e-05	0.0	0.0	4.70594562616e-06	0.0	0.0	2.21247096132e-05	0.0	4.96312398876e-06	0.0	1.59907893054e-05	5.54374942253e-05	5.60843508637e-05	1.13257979025e-05	3.52363921458e-05	1.67518217606e-05	0.0	6.54352378103e-05	1.07604982111e-05	0.0	5.77604353853e-05	0.0
D_0__Bacteria;D_1__Actinobacteria;D_2__Rubrobacteria	1.08075393394e-05	0.0	0.000127023718793	0.000287986176664	0.000156024963994	9.15490092363e-05	0.000210846901722	0.000114274830968	0.000131347792536	0.000180766449747	4.74732369627e-05	7.19337402856e-05	0.000141272868546	0.000162457439535	0.000508868321103	5.349524561e-05	0.000134004347697	7.8080266514e-05	7.99539465268e-05	0.000332624965352	0.000152228952344	0.000192538564342	0.000202609254838	0.000150766395846	0.000191115843503	0.000102826802273	0.000193688967799	0.000298948555224	0.00017969913231	0.0
D_0__Bacteria;D_1__Actinobacteria;D_2__Thermoleophilia	0.0550211827771	0.101778898205	0.062091503268	0.0942674751612	0.0818530964954	0.0659254587623	0.0466908750146	0.0808494429102	0.0628991741508	0.0632531935406	0.0549265351658	0.0175135127867	0.0749593840503	0.0303253887133	0.0727091706921	0.0478916186324	0.0654983472797	0.062507591137	0.0706313163618	0.112953894484	0.06818254655	0.0567875506829	0.0802068376219	0.0395007957115	0.0149889425833	0.142985342507	0.0653754068813	0.0420236254772	0.0533513888176	0.0750382848392
D_0__Bacteria;D_1__AncK6;D_2__uncultured bacterium	0.0	0.0	0.0	0.0	0.0	0.0	0.0	1.90458051614e-05	0.0	0.0	0.0	0.0	0.0	0.0	0.0	0.0	0.0	0.0	0.0	0.0	0.0	0.0	0.0	0.0	0.0	0.0	0.0	0.0	1.92534784618e-05	0.0
D_0__Bacteria;D_1__Armatimonadetes;D_2__Armatimonadia	6.48452360367e-05	0.000213372952212	7.50594701956e-05	1.59992320369e-05	1.80028804609e-05	7.12047849615e-05	2.34274335247e-05	1.90458051614e-05	1.0945649378e-05	0.0	0.000142419710888	1.74792266115e-05	0.0	3.38452999032e-05	5.16243224308e-05	5.349524561e-05	6.45206118539e-05	8.67558516822e-06	1.59907893054e-05	0.0	0.0	0.0	3.52363921458e-05	3.35036435212e-05	0.0	1.86957822315e-05	2.69012455277e-05	6.8331098337e-05	0.0	0.0
D_0__Bacteria;D_1__Armatimonadetes;D_2__Chthonomonadetes	0.000713297596403	0.000798172895313	9.23808863946e-05	9.59953922212e-05	4.20067210754e-05	6.10326728242e-05	3.90457225411e-05	2.85687077421e-05	5.47282468901e-06	7.53193540612e-05	0.000545942225071	2.21851722376e-05	1.41272868546e-05	0.000135381199613	0.000464618901877	1.33738114025e-05	0.000163783091629	4.33779258411e-05	0.00020788026097	3.69583294835e-05	7.21084511105e-05	0.000328448139171	0.000184991058765	0.000100510930564	2.73022633576e-05	1.86957822315e-05	8.0703736583e-05	7.68724856291e-05	7.05960876932e-05	0.0
D_0__Bacteria;D_1__Armatimonadetes;D_2__Fimbriimonadia	0.000788950371779	0.000798172895313	0.000444583015774	0.000351983104811	0.000114018242919	0.000549294055418	0.000585685838116	0.000257118369679	6.02010715791e-05	0.000451916124367	0.000949464739253	0.00033950036303	0.000169527442255	0.000873208737503	0.000339245547402	0.00042796196488	0.000258082447416	0.000303645480888	0.000559677625688	0.000304906218239	0.000424638656539	0.00116655718395	0.000466882195932	0.000368540078734	0.000436836213722	0.000392611426862	0.000398138433809	0.000264783006056	0.00017969913231	0.0
D_0__Bacteria;D_1__Armatimonadetes;D_2__uncultured	0.000324226180183	0.000126443230941	0.000150118940391	0.000447978497032	0.0004140662506	0.000111893233511	0.000179610323689	0.000180935149033	0.000125874967847	0.000256085803808	0.000284839421776	9.6135746363e-05	0.000282545737091	0.000311376759109	0.000958737416571	6.68690570126e-05	0.00028289806736	0.000303645480888	0.00023986183958	0.000369583294835	0.000240361503702	0.000464357714001	0.000554973176296	0.000234525504649	0.000163813580146	0.00079457074484	0.000398138433809	0.000102496647505	0.000821481747702	0.0
D_0__Bacteria;D_1__BRC1;Ambiguous_taxa	0.0	7.90270193379e-06	0.0	0.0	1.20019203072e-05	0.000122065345648	0.0	0.0	5.47282468901e-06	6.0255483249e-05	0.0	0.0	4.23818605637e-05	4.06143598838e-05	0.000154872967292	5.349524561e-05	0.0	3.47023406729e-05	0.0	0.0	1.60241002468e-05	0.0	0.0	0.0	0.000136511316788	0.0	5.38024910553e-06	0.0	0.0	0.0
D_0__Bacteria;D_1__BRC1;D_2__metagenome	4.32301573578e-05	7.90270193379e-06	1.7321416199e-05	0.0	6.00096015362e-06	3.05163364121e-05	4.68548670493e-05	0.0	1.0945649378e-05	3.01277416245e-05	0.000118683092407	1.27732809853e-05	4.23818605637e-05	3.38452999032e-05	0.0	4.01214342075e-05	0.0	0.0	4.79723679161e-05	0.0	0.0	0.0	8.80909803645e-06	0.0	0.000218418106861	1.86957822315e-05	0.0	0.0	0.0	0.0
D_0__Bacteria;D_1__BRC1;D_2__soil bacterium WWH121	0.0	0.0	0.0	0.0	0.0	0.0	0.0	0.0	0.0	0.0	0.0	4.03366767957e-06	0.0	0.0	0.0	0.0	0.0	0.0	0.0	0.0	0.0	0.0	0.0	0.0	0.0	0.0	0.0	0.0	0.0	0.0
D_0__Bacteria;D_1__BRC1;D_2__uncultured Acidobacteria bacterium	2.16150786789e-05	0.000158054038676	0.000115476107993	7.99961601843e-05	7.20115218435e-05	9.15490092363e-05	6.24731560658e-05	8.57061232264e-05	4.92554222011e-05	0.000301277416245	2.37366184813e-05	6.99169064458e-05	8.47637211274e-05	0.00010153589971	7.3749032044e-05	0.000641942947321	6.45206118539e-05	0.000286294310551	0.000127926314443	5.54374942253e-05	0.000104156651604	0.0	0.000114518274474	1.67518217606e-05	0.0	4.67394555788e-05	8.0703736583e-05	4.27069364606e-05	1.28356523079e-05	0.0
D_0__Bacteria;D_1__BRC1;D_2__uncultured bacterium	7.56527753761e-05	8.69297212717e-05	0.000202083188988	0.000111994624258	4.20067210754e-05	0.000132237457786	6.24731560658e-05	0.000190458051614	0.000142293441914	0.000286213545433	7.1209855444e-05	0.000201011106032	8.47637211274e-05	0.000169226499516	0.000420369482651	0.000280850039453	0.000148893719663	0.000216889629205	0.00020788026097	9.23958237088e-05	0.000208313303208	1.13257979025e-05	9.6900078401e-05	0.000117262752324	0.000627952057226	0.000158914148968	0.000118365480322	0.00011957942209	5.13426092314e-05	0.0
D_0__Bacteria;D_1__BRC1;D_2__uncultured delta proteobacterium	0.0	0.0	0.0	0.0	0.0	0.0	0.0	0.0	0.0	0.0	0.0	0.0	0.0	0.0	0.0	0.0	0.0	0.0	0.0	0.0	0.0	1.13257979025e-05	0.0	0.0	0.0	0.0	0.0	0.0	0.0	0.0
D_0__Bacteria;D_1__BRC1;D_2__uncultured soil bacterium PBS-74	0.0	0.0	0.0	0.0	0.0	0.0	0.0	0.0	0.0	0.0	0.0	0.0	0.0	0.0	0.000103248644862	0.0	0.0	0.0	0.0	0.0	0.0	0.0	0.0	0.0	0.0	0.0	0.0	0.0	0.0	0.0
D_0__Bacteria;D_1__BRC1;D_2__uncultured soil bacterium PBS-II-34	0.0	0.0	0.0	0.0	0.0	0.0	0.0	0.0	0.0	0.0	0.0	0.0	0.0	0.0	2.94996128176e-05	0.0	0.0	0.0	0.0	0.0	0.0	0.0	0.0	0.0	0.0	0.0	0.0	0.0	0.0	0.0
D_0__Bacteria;D_1__BRC1;D_2__uncultured soil bacterium PBS-III-4	0.0	0.0	0.0	0.0	0.0	0.0	0.0	0.0	0.0	0.0	0.0	0.0	0.0	0.0	7.3749032044e-06	0.0	0.0	0.0	0.0	0.0	0.0	0.0	0.0	0.0	0.0	0.0	0.0	0.0	0.0	0.0
D_0__Bacteria;D_1__Bacteroidetes;D_2__Bacteroidia	0.0666609026457	0.0861394510783	0.104384627821	0.0529734572741	0.092654824772	0.0990967164422	0.0903986568271	0.0650223788211	0.0984615889799	0.0894643287539	0.0703790737971	0.198164008928	0.0869958324504	0.0934265658528	0.0536376710056	0.146282749121	0.0822737063617	0.0863914771051	0.0965683766151	0.0603437124642	0.108859725026	0.0300586676331	0.05074040469	0.0971103107463	0.227127528872	0.0488240352976	0.0550991310898	0.0794946915278	0.0380962160497	0.116385911179
D_0__Bacteria;D_1__Bacteroidetes;D_2__Ignavibacteria	0.000345841258862	0.00124072420361	0.000554285318368	0.000751963905733	0.000390062409986	0.000681531513203	0.000538830971067	0.000838015427102	0.00101794539216	0.000933959990359	0.000640888698996	0.00304474682013	0.00115843752207	0.000643060698161	0.000538367933921	0.00193920265336	0.00130530160904	0.000919612027831	0.00174299603428	0.000434260371431	0.00135403647085	0.000396402926586	0.000951382587937	0.000988357483876	0.00106478827095	0.000701091833682	0.000581066903398	0.00109329757339	0.000365816090774	0.0
D_0__Bacteria;D_1__Bacteroidetes;D_2__Rhodothermia	0.0	0.0	0.0	0.0	0.0	1.01721121374e-05	0.0	0.0	5.47282468901e-06	0.0	0.0	3.36138973297e-06	0.0	0.0	2.21247096132e-05	2.6747622805e-05	0.0	0.0	0.0	0.0	0.0	1.13257979025e-05	8.80909803645e-06	0.0	0.0	0.0	0.0	0.0	0.0	0.0
D_0__Bacteria;D_1__Chlamydiae;D_2__Chlamydiae	0.000399878955559	0.000371426990888	0.000866070809949	0.000527974657216	0.000324051848296	0.000508605606868	0.00043731209246	0.000352347395486	0.00055275529359	0.000361532899494	0.000189892947851	0.000413450937155	0.000254291163382	0.000297838639148	0.000132748257679	0.00032097147366	0.000178672463595	0.000199538458869	0.000367788154023	0.000166312482676	0.000136204852098	0.000215190160147	0.000237845646984	8.37591088031e-05	8.19067900729e-05	0.000102826802273	0.000166787722272	0.00016228635855	0.000314473481542	0.00153139356815
D_0__Bacteria;D_1__Chlamydiae;D_2__LD1-PA32	0.0	0.0	0.0	3.19984640737e-05	0.0	0.0	0.0	0.0	0.0	0.0	0.0	0.0	0.0	0.0	0.0	0.0	0.0	0.0	0.0	0.0	0.0	0.0	0.0	0.0	0.0	0.0	0.0	0.0	0.0	0.0
D_0__Bacteria;D_1__Chloroflexi;D_2__AD3	9.7267854055e-05	0.000505772923763	3.4642832398e-05	0.0	0.0	1.01721121374e-05	0.0	0.0	3.2836948134e-05	0.0	0.000118683092407	0.0	0.0	6.76905998064e-06	8.11239352483e-05	0.0	0.0	0.0	0.0	0.0	8.01205012339e-06	0.0	0.0	0.0	0.0	0.0	0.0	0.0	1.28356523079e-05	0.0
D_0__Bacteria;D_1__Chloroflexi;D_2__Anaerolineae	0.00310176379042	0.00211002141632	0.00199196286288	0.00431979264995	0.00316250600096	0.00208528298816	0.00159306547968	0.00277116465099	0.00346977085283	0.00537780187997	0.00363170262764	0.00286793772017	0.00221798403617	0.00534755738471	0.0127217080276	0.00335682666203	0.00298283751725	0.00334010028976	0.00433350390175	0.00344636422434	0.00288433804442	0.00338641357284	0.00810437019354	0.00477426920178	0.0021295765419	0.00387002692193	0.00663384714712	0.00557752590176	0.00560276223238	0.00306278713629
D_0__Bacteria;D_1__Chloroflexi;D_2__Chloroflexia	0.0026586546775	0.0017543998293	0.00278874800804	0.00241588403757	0.0030664906385	0.00244130691297	0.00178048494787	0.00250452337873	0.00328916763809	0.00537780187997	0.00166156329369	0.00140640546428	0.0021756021756	0.00267377869235	0.00478631217965	0.00403889104356	0.00219866392702	0.00353096316347	0.00275041576052	0.00376974960732	0.00226741018492	0.00242372075113	0.00384076674389	0.00164167853254	0.00103748600759	0.00234632067006	0.00317972722137	0.00153744971258	0.00225265698003	0.00153139356815
D_0__Bacteria;D_1__Chloroflexi;D_2__Dehalococcoidia	0.00193454954176	0.00209421601245	0.00234993879766	0.00281586483849	0.00274843975036	0.00238027424014	0.00328764983796	0.00166650795162	0.00586686806662	0.00432333092311	0.0029196040732	0.00169548498131	0.00267005721551	0.00268731681231	0.00631291714296	0.00246078129806	0.00181650337989	0.0024291638471	0.00244659076372	0.00378822877206	0.00191487997949	0.0045982739484	0.00512689505722	0.00154116760198	0.00139241543124	0.00266414896799	0.00193150942889	0.00319447884725	0.00559634440622	0.00153139356815
D_0__Bacteria;D_1__Chloroflexi;D_2__Gitt-GS-136	9.7267854055e-05	6.32216154703e-05	0.00128178479873	0.00563172967698	0.00423067690831	0.00128168612931	0.000499785248526	0.00209503856776	0.0029881622802	0.00363039286575	0.00071209855444	0.000567402586926	0.00411104047468	0.00140796447597	0.00807551900881	0.0016048573683	0.00246667262242	0.00181319730016	0.00247857234233	0.00946133234778	0.0017145787264	0.00289940426303	0.00360292109691	0.0028478096993	0.000409533950364	0.00979658988932	0.00319586796869	0.0050992082134	0.00389562047543	0.00153139356815
D_0__Bacteria;D_1__Chloroflexi;D_2__JG30-KF-CM66	0.000421494034238	0.00111428097266	0.000386844961777	0.00124794009888	0.000840134421507	0.000478089270456	0.000515403537542	0.000647557375488	0.000733358508327	0.000527235478429	0.000901991502291	0.000326727082045	0.00172352899626	0.0006295225782	0.000884988384527	0.000508204833295	0.000590611754663	0.000407752502906	0.000559677625688	0.00185715605655	0.000528795308143	0.000860760640587	0.00230798368555	0.00080408744451	0.000436836213722	0.00158914148968	0.00104914857558	0.0012982908684	0.00232967089387	0.0
D_0__Bacteria;D_1__Chloroflexi;D_2__KD4-96	0.00900268026976	0.00844798836722	0.00933046952586	0.0190550853559	0.019647143543	0.0112096675754	0.0112217406583	0.0176649842872	0.0179125552071	0.0115238611714	0.00757198129554	0.00417350149246	0.0182948364767	0.0107695744292	0.0257089125705	0.00934829417036	0.014596547651	0.0115905817847	0.019220928745	0.0256767994087	0.0120501233856	0.0135683058871	0.0240047921493	0.00951503476003	0.00311245802277	0.0341478462459	0.0151669222285	0.0142470340033	0.0150305488525	0.00612557427259
D_0__Bacteria;D_1__Chloroflexi;D_2__Ktedonobacteria	0.000799757911119	0.00156473498289	0.000265595048384	0.0	0.000108017282765	0.000498433494731	0.000827769317871	0.000104751928388	0.000394043377608	7.53193540612e-05	0.00505589973652	2.42020060774e-05	2.82545737091e-05	7.4459659787e-05	0.000140123160884	0.00010699049122	8.4373107809e-05	0.000138809362692	0.000191889471664	0.000138593735563	6.40964009871e-05	0.0	3.52363921458e-05	0.000117262752324	0.000163813580146	7.47831289261e-05	0.000145266725849	1.70827745842e-05	0.000231041741541	0.0
D_0__Bacteria;D_1__Chloroflexi;D_2__OLB14	0.000702490057064	0.000252886461881	0.000259821242985	0.000287986176664	0.000174027844455	0.000294991251984	0.000320174924837	0.00026664127226	0.000979635619332	0.000692938057363	0.000593415462033	0.000504208459946	0.000833509924419	0.000270762399226	0.000324495740993	0.000722185815736	0.000347418679213	0.000468481599084	0.00023986183958	0.000341864547722	0.00044867480691	0.000283144947562	0.000308318431276	0.000770583800988	0.000382231687007	0.000336524080168	0.000150646974955	0.000478317688359	0.000128356523079	0.00153139356815
D_0__Bacteria;D_1__Chloroflexi;D_2__P2-11E	2.16150786789e-05	0.0	4.61904431973e-05	6.39969281474e-05	0.000366058569371	1.01721121374e-05	0.0	0.000142843538711	0.000202494513493	0.00027114967462	7.1209855444e-05	2.28574501842e-05	7.06364342728e-05	6.76905998064e-05	0.000995611932593	1.33738114025e-05	4.96312398876e-05	2.60267555047e-05	0.000287834207496	0.000203270812159	1.60241002468e-05	0.00134776995039	0.000246654745021	5.02554652818e-05	2.73022633576e-05	9.34789111576e-06	4.84222419498e-05	5.97897110449e-05	0.000269548698465	0.0
D_0__Bacteria;D_1__Chloroflexi;D_2__SHA-26	0.0	2.37081058014e-05	0.0	0.0	0.0	0.0	7.80914450822e-06	0.0	0.0	0.0	0.0	3.36138973297e-06	0.0	0.0	1.47498064088e-05	0.0	0.0	0.0	0.0	0.0	0.0	0.0	0.0	0.0	0.0	0.0	0.0	0.0	0.0	0.0
D_0__Bacteria;D_1__Chloroflexi;D_2__TK10	0.00351245028532	0.0058242913252	0.00465946095753	0.00230388941331	0.00482477196351	0.00338731334174	0.00344383272812	0.00376154651938	0.00564248225437	0.00501626898048	0.00294334069169	0.000884717777718	0.00353182171364	0.00270085493228	0.00364320218297	0.00379816243831	0.00289846440944	0.00356566550414	0.00270244339261	0.00503557239213	0.00289235009454	0.00203864362244	0.00430764893983	0.00211072954184	0.00234799464876	0.00416915943763	0.00196379092352	0.00264783006056	0.00394696308466	0.00153139356815
D_0__Bacteria;D_1__Cyanobacteria;D_2__Melainabacteria	0.00103752377659	0.00081397829918	0.00050809487517	0.000319984640737	0.000780124819971	0.000854457419539	0.000538830971067	0.000618988667746	0.000180603214737	0.00046697999518	0.000450995751145	0.000969424798989	0.000621600621601	0.00140119541599	0.000589992256352	0.000682064381528	0.00113655539343	0.00053788628043	0.000719585518741	0.000332624965352	0.00111367496715	0.000713525267855	0.00039640941164	0.000737080157467	0.000409533950364	0.000504786120251	0.000473461921287	0.000614979885033	0.000301637829234	0.0
D_0__Bacteria;D_1__Cyanobacteria;D_2__Oxyphotobacteria	0.00355568044268	0.00256837812848	0.00122982055013	0.00265587251812	0.00672107537206	0.00255320014648	0.00190543126001	0.00326635558518	0.00142840724383	0.003690648349	0.00244487170358	0.00561688224379	0.00354594900049	0.00358760178974	0.00239684354143	0.00601821513113	0.00359826489185	0.00459806013916	0.00334207496482	0.00254088515199	0.00354933820466	0.000928715428002	0.00280129317559	0.00271379512522	0.00281213312584	0.0022528417589	0.00412127081484	0.00292115445391	0.000725214355394	0.00306278713629
D_0__Bacteria;D_1__Cyanobacteria;D_2__Sericytochromatia	0.000129690472073	7.90270193379e-05	0.000144345134992	7.99961601843e-05	0.000138022083533	0.000294991251984	8.59005895904e-05	0.000199980954195	5.47282468901e-06	0.000120510966498	9.49464739253e-05	0.000240003226934	0.000282545737091	0.000291069579168	7.3749032044e-05	0.000294223850855	0.000129041223708	0.000130133777523	0.000463732889855	9.23958237088e-05	0.000224337403455	4.53031916098e-05	6.16636862552e-05	0.000184270039367	0.000191115843503	0.000196305713431	0.000166787722272	9.39552602134e-05	0.00014761000154	0.0
D_0__Bacteria;D_1__Dadabacteria;D_2__Dadabacteriia	0.0	0.0	0.0	3.19984640737e-05	2.40038406145e-05	0.0	0.0	0.0	1.0945649378e-05	4.51916124367e-05	0.0	0.0	0.0	0.0	1.47498064088e-05	0.0	0.0	8.67558516822e-06	0.0	0.0	0.0	0.000260493351757	8.80909803645e-06	0.0	0.0	0.0	0.0	0.0	6.41782615393e-05	0.0
D_0__Bacteria;D_1__Deinococcus-Thermus;D_2__Deinococci	0.0	0.0	0.0	0.0	6.00096015362e-06	0.0	7.80914450822e-06	0.0	0.0	0.0	0.0	1.34455589319e-06	0.0	0.0	7.3749032044e-06	0.0	0.0	0.0	0.0	0.0	0.0	2.26515958049e-05	0.0	0.0	0.0	1.86957822315e-05	0.0	0.0	0.0	0.0
D_0__Bacteria;D_1__Dependentiae;D_2__Babeliae	0.000680874978385	0.000711243174041	0.00105660638814	0.00116794393869	0.000666106577052	0.00120030923221	0.00113232595369	0.00140938958194	0.000738831333016	0.00060255483249	0.000973201357735	0.000876650442359	0.000734618916437	0.000663367878103	0.000966112319776	0.000468083399088	0.000565796134719	0.00103239463502	0.000623640782909	0.000295666635868	0.000897349613819	0.000588941490928	0.000951382587937	0.00217773682888	0.000546045267153	0.000448698773557	0.000984585586313	0.000785807630875	0.000892077835396	0.0
D_0__Bacteria;D_1__Elusimicrobia;D_2__Elusimicrobia	0.000259380944147	0.000102735125139	0.000150118940391	7.99961601843e-05	0.000150024003841	0.00015258168206	0.000179610323689	9.52290258071e-05	7.11467209571e-05	9.03832248735e-05	0.000545942225071	0.000137144701105	2.82545737091e-05	0.0002098408594	8.84988384527e-05	0.00010699049122	6.94837358427e-05	0.000190862873701	7.99539465268e-05	0.000129354153192	0.000152228952344	6.79547874148e-05	9.6900078401e-05	0.000251277326409	2.73022633576e-05	6.54352378103e-05	0.000112985231216	0.000247700231472	8.3431740001e-05	0.0
D_0__Bacteria;D_1__Elusimicrobia;D_2__Endomicrobia	0.0	0.0	0.0	0.0	0.0	0.0	0.0	0.0	0.0	0.0	0.0	0.0	0.0	0.0	1.47498064088e-05	0.0	0.0	0.0	0.0	0.0	0.0	0.0	0.0	0.0	0.0	0.0	0.0	0.0	0.0	0.0
D_0__Bacteria;D_1__Elusimicrobia;D_2__Lineage IIa	0.00202100985648	0.00205470250279	0.0017956534793	0.00219189478905	0.000930148823812	0.00196321764251	0.000835578462379	0.00219026759356	0.000952271495887	0.00247047481321	0.00201761257091	0.000903541560223	0.00204845659391	0.0017125721751	0.000626866772374	0.00179209072794	0.00230288953079	0.00260267555047	0.0014871434054	0.000545135359882	0.00200301253085	0.00103064760912	0.00163849223478	0.00202697043303	0.000518743003795	0.00193501346096	0.00126973878891	0.00141787029049	0.00130281870925	0.0
D_0__Bacteria;D_1__Elusimicrobia;D_2__Lineage IIb	0.000605222203009	0.00135926473261	0.000438809210374	0.000399980800922	0.000390062409986	0.000376368149082	0.000234274335247	0.000685648985811	0.00016418474067	0.000346469028682	0.000450995751145	0.000289079517036	0.000395564031928	0.0002098408594	0.000914487997345	0.00048145721049	0.000769284218258	0.000962989953672	0.000143917103748	0.000378822877206	0.000624939909624	0.000249167553854	0.00066949145077	0.000636569226903	5.46045267153e-05	0.000252393060126	0.000425039679337	0.000512483237527	0.000391487395389	0.0
D_0__Bacteria;D_1__Elusimicrobia;D_2__Lineage IIc	0.0	0.0	0.0	0.0	0.0	0.0	0.0	0.0	5.47282468901e-06	0.0	0.0	0.0	0.0	0.0	0.0	0.0	0.0	0.0	1.59907893054e-05	0.0	0.0	0.0	0.0	0.0	0.0	0.0	0.0	8.54138729212e-06	2.56713046157e-05	0.0
D_0__Bacteria;D_1__Entotheonellaeota;D_2__Entotheonellia	7.56527753761e-05	0.000102735125139	0.00125868957713	0.00614370510216	0.00327652424388	9.15490092363e-05	0.000640349849674	0.00327587848776	0.00271452104575	0.00238009158833	9.49464739253e-05	0.00261516121225	0.00457724094088	0.00299869357142	0.00236734392861	0.00295561231996	0.00499786585668	0.0061683410546	0.00166304208776	0.00592257229973	0.00847674903054	0.0041565678302	0.00632493239017	0.0106709104615	0.000409533950364	0.00743157343703	0.00769913647002	0.00708081006517	0.00669379267854	0.00612557427259
D_0__Bacteria;D_1__Epsilonbacteraeota;D_2__Campylobacteria	0.0	0.0	0.0	1.59992320369e-05	1.80028804609e-05	0.0	0.0	0.0	1.0945649378e-05	0.0	0.0	2.68911178638e-06	0.0	0.0	0.0	0.0	2.97787439326e-05	5.20535110093e-05	0.0	3.69583294835e-05	2.40361503702e-05	1.13257979025e-05	7.04727842916e-05	0.0	2.73022633576e-05	0.0	1.61407473166e-05	8.54138729212e-06	1.28356523079e-05	0.0
D_0__Bacteria;D_1__FBP;Ambiguous_taxa	0.0	0.0	3.4642832398e-05	0.0	6.00096015362e-06	0.0	0.0	0.0	3.2836948134e-05	1.50638708122e-05	0.0	1.8151504558e-05	0.0	4.73834198645e-05	0.0	0.0	0.0	0.0	1.59907893054e-05	9.23958237088e-06	0.0	0.0	0.0	0.0	2.73022633576e-05	9.34789111576e-06	0.0	0.0	0.0	0.0
D_0__Bacteria;D_1__FBP;D_2__metagenome	0.0	0.0	1.15476107993e-05	0.0	6.00096015362e-06	2.03442242747e-05	7.80914450822e-06	2.85687077421e-05	5.47282468901e-06	0.0	2.37366184813e-05	2.95802296501e-05	0.0	6.76905998064e-06	2.94996128176e-05	4.01214342075e-05	1.48893719663e-05	0.0	0.0	1.84791647418e-05	3.20482004935e-05	0.0	8.80909803645e-06	1.67518217606e-05	0.000300324896934	1.86957822315e-05	0.0	8.54138729212e-06	0.0	0.0
D_0__Bacteria;D_1__FBP;D_2__uncultured Carnobacterium sp.	0.0	0.0	0.0	0.0	0.0	2.03442242747e-05	0.0	0.0	0.0	0.0	0.0	0.0	0.0	0.0	0.0	0.0	0.0	0.0	0.0	0.0	0.0	0.0	0.0	0.0	0.0	0.0	0.0	0.0	0.0	0.0
D_0__Bacteria;D_1__FBP;D_2__uncultured bacterium	1.08075393394e-05	4.74162116027e-05	0.000121249913393	0.0	3.00048007681e-05	0.000122065345648	5.46640115575e-05	4.76145129035e-05	5.47282468901e-06	0.00013557483731	0.000118683092407	6.99169064458e-05	1.41272868546e-05	0.00010830495969	5.16243224308e-05	9.36166798176e-05	1.98524959551e-05	2.60267555047e-05	0.000143917103748	3.69583294835e-05	8.01205012339e-06	4.53031916098e-05	8.80909803645e-06	1.67518217606e-05	0.000409533950364	0.0	6.99432383719e-05	1.70827745842e-05	2.56713046157e-05	0.0
D_0__Bacteria;D_1__FBP;D_2__uncultured soil bacterium	0.0	0.0	0.0	0.0	6.00096015362e-06	0.0	7.80914450822e-06	0.0	0.0	1.50638708122e-05	2.37366184813e-05	0.0	0.0	0.0	4.42494192264e-05	0.0	0.0	0.0	0.0	0.0	0.0	0.0	0.0	0.0	0.0	0.0	1.61407473166e-05	0.0	0.0	0.0
D_0__Bacteria;D_1__FCPU426;D_2__metagenome	1.08075393394e-05	7.90270193379e-06	1.7321416199e-05	0.0	2.40038406145e-05	4.06884485495e-05	3.90457225411e-05	0.0	5.47282468901e-06	0.0	0.0	1.47901148251e-05	0.0	0.0	1.47498064088e-05	0.0	4.46681158989e-05	8.67558516822e-06	0.0	0.0	8.01205012339e-06	0.0	1.76181960729e-05	0.000134014574085	5.46045267153e-05	0.0	3.22814946332e-05	8.54138729212e-06	0.0	0.0
D_0__Bacteria;D_1__FCPU426;D_2__uncultured bacterium	7.56527753761e-05	0.000821881001114	0.000242499826786	1.59992320369e-05	1.80028804609e-05	0.00015258168206	0.000265510913279	0.0	0.0	1.50638708122e-05	0.000379785895701	2.68911178638e-05	0.0	3.38452999032e-05	2.21247096132e-05	0.0	1.48893719663e-05	4.33779258411e-05	0.0	4.61979118544e-05	4.80723007403e-05	0.0	8.80909803645e-06	5.02554652818e-05	2.73022633576e-05	5.60873466946e-05	5.38024910553e-06	3.41655491685e-05	1.28356523079e-05	0.0
D_0__Bacteria;D_1__Fibrobacteres;D_2__Chitinivibrionia	0.0	0.0	0.0	0.0	0.0	0.0	0.0	0.0	0.0	0.0	0.0	0.0	0.0	0.0	0.000125373354475	0.0	0.0	0.0	0.0	0.0	0.0	0.0	0.0	0.0	0.0	0.0	0.0	0.0	0.0	0.0
D_0__Bacteria;D_1__Fibrobacteres;D_2__Fibrobacteria	5.40376966972e-05	0.000537383731498	0.000144345134992	6.39969281474e-05	0.000312049927988	0.00019327013061	7.80914450822e-05	0.000428530616132	4.37825975121e-05	3.01277416245e-05	0.000142419710888	0.000127732809853	7.06364342728e-05	7.4459659787e-05	7.3749032044e-05	0.000254102416648	0.000709726730393	0.000182187288533	0.000111935525138	6.46770765961e-05	0.000216325353331	0.000101932181122	0.000105709176437	0.000318284613452	0.000218418106861	0.000261740951241	6.99432383719e-05	0.000632062659617	3.20891307696e-05	0.0
D_0__Bacteria;D_1__Firmicutes;D_2__BRH-c20a	0.0	0.0	0.0	0.0	0.0	0.0	0.0	0.0	0.0	0.0	0.0	2.01683383978e-06	0.0	0.0	2.94996128176e-05	0.0	0.0	0.0	0.0	1.84791647418e-05	0.0	1.13257979025e-05	0.0	0.0	0.0	0.0	0.0	0.0	0.0	0.0
D_0__Bacteria;D_1__Firmicutes;D_2__Bacilli	0.00681955732319	0.0167458253977	0.0116342178803	0.0122074140441	0.0106997119539	0.0117182731822	0.00843387606888	0.00708503952005	0.012423312044	0.00929440829115	0.0187756652187	0.00384542985452	0.00638553365826	0.00525955960496	0.0131715771231	0.00884008933706	0.00345929742017	0.0121111168948	0.00778751439171	0.0155409775478	0.0040781335128	0.0226742474007	0.00689752376254	0.00274729876874	0.00898244464466	0.0032624139994	0.0114653108439	0.00123850115736	0.0178543923602	0.00306278713629
D_0__Bacteria;D_1__Firmicutes;D_2__Clostridia	0.00104833131593	0.00130394581908	0.00134529665812	0.00239988480553	0.0023943831013	0.000884973755951	0.000773105306314	0.000380916103228	0.00122043990565	0.00117498192336	0.00265850126991	0.00155296205663	0.000621600621601	0.000609215398258	0.00427744385855	0.000896045363968	0.000610464250618	0.00216022070689	0.000463732889855	0.00158920816779	0.000480723007403	0.00419054522391	0.00105709176437	0.000351788256973	0.00046413847708	0.000364567753515	0.0015602722406	0.00040144520273	0.00198310828156	0.0
D_0__Bacteria;D_1__Firmicutes;D_2__Erysipelotrichia	0.0	0.0	0.0	0.0	1.80028804609e-05	0.0	0.0	0.0	1.0945649378e-05	0.0	0.0	6.72277946594e-07	0.0	0.0	0.0	0.0	1.48893719663e-05	8.67558516822e-06	0.0	9.23958237088e-06	8.01205012339e-06	1.13257979025e-05	0.0	0.0	0.0	3.73915644631e-05	1.07604982111e-05	0.0	1.28356523079e-05	0.0
D_0__Bacteria;D_1__Firmicutes;D_2__Limnochordia	3.24226180183e-05	7.90270193379e-06	0.000184761772789	0.000111994624258	0.000108017282765	0.00015258168206	0.000187419468197	0.0	0.000103983669091	3.01277416245e-05	0.000213629566332	3.22693414365e-05	4.23818605637e-05	2.70762399226e-05	3.6874516022e-05	0.000120364302623	1.98524959551e-05	0.000112782607187	0.0	5.54374942253e-05	1.60241002468e-05	0.000101932181122	0.000140945568583	1.67518217606e-05	0.0	1.86957822315e-05	6.99432383719e-05	0.0	4.49247830775e-05	0.0
D_0__Bacteria;D_1__Firmicutes;D_2__Negativicutes	1.08075393394e-05	7.90270193379e-06	0.0	6.39969281474e-05	7.80124819971e-05	0.0	7.80914450822e-06	9.52290258071e-06	0.0	4.51916124367e-05	0.0	2.01683383978e-05	0.0	6.76905998064e-06	5.16243224308e-05	0.0	4.96312398876e-06	0.0	6.39631572214e-05	9.23958237088e-06	1.60241002468e-05	2.26515958049e-05	1.76181960729e-05	0.0	0.0	1.86957822315e-05	3.76617437387e-05	8.54138729212e-06	3.85069569236e-05	0.0
D_0__Bacteria;D_1__Fusobacteria;D_2__Fusobacteriia	0.0	2.37081058014e-05	0.0	0.0	3.60057609217e-05	0.0	7.80914450822e-06	0.0	0.0	0.0	0.0	0.0	0.0	0.0	7.3749032044e-06	0.0	0.0	1.73511703364e-05	0.0	2.77187471126e-05	0.0	1.13257979025e-05	0.0	0.0	0.0	0.0	0.0	0.0	0.0	0.0
D_0__Bacteria;D_1__GAL15;D_2__uncultured bacterium	0.0	0.0	0.0	0.0	0.0	0.0	0.0	0.0	0.0	0.0	0.0	0.0	0.0	0.0	7.3749032044e-06	0.0	0.0	0.0	0.0	0.0	0.0	0.0	0.0	0.0	0.0	0.0	0.0	0.0	6.41782615393e-06	0.0
D_0__Bacteria;D_1__Gemmatimonadetes;D_2__AKAU4049	0.0	0.0	8.66070809949e-05	0.00167991936387	0.000222035525684	0.0	7.80914450822e-05	0.000190458051614	0.000246277111005	0.00100927934442	0.0	6.38664049265e-05	0.000988910079819	0.000284300519187	0.00109148567425	0.000120364302623	0.000992624797753	9.54314368504e-05	0.00020788026097	0.00130278111429	0.000600903759254	0.00246902394274	0.0018851469798	0.00335036435212	0.0	0.00165457672749	0.00104376832647	0.00161432219821	0.00232967089387	0.0
D_0__Bacteria;D_1__Gemmatimonadetes;D_2__BD2-11 terrestrial group	0.000356648798202	0.000189664846411	0.000623570983164	0.000735964673696	0.000672107537206	0.000905317980225	0.00109328023115	0.000638034472907	0.00191548864115	0.000828512894673	0.00121056754255	0.000627235324172	0.00101716465353	0.000717520357948	0.00246321767027	0.000708812004333	0.000665058614494	0.000303645480888	0.00155110656262	0.00105331239028	0.000656988110118	0.00300133644415	0.0010394735683	0.00120613116676	0.000409533950364	0.00072913550703	0.000484222419498	0.00169973607113	0.0016301278431	0.0
D_0__Bacteria;D_1__Gemmatimonadetes;D_2__Gemmatimonadetes	0.0471965242953	0.0111191016208	0.0243539111758	0.0259507543638	0.02539006241	0.0319099157749	0.0361563390731	0.0188648700124	0.0345773063851	0.0255181971559	0.0650145980204	0.00872078952322	0.016613689341	0.0240030866914	0.0479663704414	0.0136680352534	0.0189194286452	0.0105321603942	0.0235864142254	0.0185438418183	0.0150706662821	0.0695630507169	0.0276958042266	0.0230672585644	0.0181014006061	0.016555115166	0.0177709627956	0.0292115445391	0.0239641628588	0.0306278713629
D_0__Bacteria;D_1__Gemmatimonadetes;D_2__Longimicrobia	0.000162113090092	0.0	0.000121249913393	0.000143993088332	0.000120019203072	0.000254302803434	0.000257701768771	0.000314255785163	0.000131347792536	0.000241021932996	0.000166156329369	0.000494796568693	0.000282545737091	0.000351991118993	0.000154872967292	0.000307597662258	0.000143930595674	0.000104107022019	0.000351797364718	0.000203270812159	0.000488735057527	3.39773937074e-05	0.000387600313604	0.00028478096993	0.000737161110656	0.000205653604547	0.000333575444543	5.12483237527e-05	2.56713046157e-05	0.0
D_0__Bacteria;D_1__Gemmatimonadetes;D_2__S0134 terrestrial group	0.000151305550752	2.37081058014e-05	0.000831427977551	0.00158392397165	0.000744119059049	0.000569638279692	0.00065596813869	0.00027616417484	0.00130253227598	0.00189804772234	0.00121056754255	0.000705219565977	0.000988910079819	0.000798749077716	0.00196909915557	0.0015781097455	0.000382160547135	0.000936963198168	0.00211078418831	0.00165388524439	0.000665000160241	0.00227648537839	0.00108351905848	0.00149091213669	0.000409533950364	0.000822614418187	0.000973825088102	0.000614979885033	0.000988345227704	0.0
D_0__Bacteria;D_1__Halanaerobiaeota;D_2__Halanaerobiia	0.0	0.0	5.77380539966e-06	0.0	0.0	0.0	7.80914450822e-06	0.0	1.6418474067e-05	0.0	2.37366184813e-05	2.01683383978e-06	0.0	0.0	2.94996128176e-05	0.0	0.0	6.07290961775e-05	0.0	9.23958237088e-06	0.0	4.53031916098e-05	0.0	0.0	0.0	0.0	5.38024910553e-06	0.0	1.92534784618e-05	0.0
D_0__Bacteria;D_1__Hydrogenedentes;D_2__Hydrogenedentia	5.40376966972e-05	7.90270193379e-06	1.15476107993e-05	1.59992320369e-05	1.20019203072e-05	1.01721121374e-05	5.46640115575e-05	0.0	1.0945649378e-05	0.000105447095686	7.1209855444e-05	0.000152607093877	7.06364342728e-05	4.06143598838e-05	9.58737416571e-05	0.0	1.98524959551e-05	5.20535110093e-05	9.59447358322e-05	9.23958237088e-06	1.60241002468e-05	2.26515958049e-05	0.0	0.0	0.000327627160292	1.86957822315e-05	4.84222419498e-05	8.54138729212e-06	0.0	0.0
D_0__Bacteria;D_1__Kiritimatiellaeota;D_2__Kiritimatiellae	2.16150786789e-05	0.0	5.77380539966e-06	0.0	0.0	0.0	0.0	2.85687077421e-05	0.0	0.0	0.0	4.84040121548e-05	2.82545737091e-05	0.0	2.21247096132e-05	0.0	1.98524959551e-05	1.73511703364e-05	0.0	1.84791647418e-05	2.40361503702e-05	0.0	5.28545882187e-05	0.0	0.0	9.34789111576e-06	4.84222419498e-05	1.70827745842e-05	1.28356523079e-05	0.0
D_0__Bacteria;D_1__Latescibacteria;Ambiguous_taxa	0.00096187100121	2.37081058014e-05	0.000831427977551	0.00193590707646	0.00267642822852	0.000325507588396	0.000195228612705	0.00122845443291	0.00239709721378	0.000677874186551	0.000189892947851	0.00152136499314	0.000663982482164	0.00135381199613	0.00435119289059	0.000414588153478	0.000808989210168	0.00087623410199	0.000703594729436	0.00118266654347	0.00114572316764	0.00147235372732	0.00298628423436	0.0044224809448	5.46045267153e-05	0.0012432695184	0.00090388184973	0.002280550407	0.00504441135699	0.0
D_0__Bacteria;D_1__Latescibacteria;D_2__Latescibacteria	0.00163193844026	8.69297212717e-05	0.000565832929167	0.000335983872774	0.00048007681229	0.000498433494731	0.00021865604623	0.000561851252262	0.000377624903541	0.000482043865992	0.000474732369627	0.00430795708178	0.0003108003108	0.000555062918413	0.000508868321103	0.000254102416648	0.000178672463595	0.000225565214374	0.000879493411795	0.00110874988451	0.00177066307727	0.000169886968537	0.000889718901682	0.00237875869001	0.0	0.000102826802273	0.000371237188282	0.00261366451139	0.000410740873851	0.00306278713629
D_0__Bacteria;D_1__Latescibacteria;D_2__metagenome	0.000443109112917	0.0	0.0	0.0	0.0	0.0	0.0	0.0	0.0	1.50638708122e-05	0.0	1.34455589319e-06	0.0	0.0	0.0	0.0	2.48156199438e-05	0.0	0.0	0.0	8.01205012339e-06	0.0	0.0	0.0	0.0	0.0	0.0	0.0	0.0	0.0
D_0__Bacteria;D_1__Latescibacteria;D_2__uncultured Latescibacteria bacterium	0.000551184506312	6.32216154703e-05	0.000363749740179	0.00201590323664	0.000312049927988	6.10326728242e-05	0.00013275545664	0.000628511570327	0.00179508649799	0.000361532899494	0.000237366184813	0.00246457095221	0.0017094017094	0.00063629163818	0.00048674361149	0.000855923929761	0.0020745858273	0.00137074245658	6.39631572214e-05	0.00118266654347	0.00253180783899	0.000101932181122	0.000916146195791	0.00629868498199	8.19067900729e-05	0.00109370326054	0.000586447152503	0.00245991954013	0.00116162653386	0.0
D_0__Bacteria;D_1__Latescibacteria;D_2__uncultured Pelobacter sp.	0.0	0.0	0.0	0.0	0.0	0.0	0.0	0.0	0.0	0.0	0.0	6.72277946594e-07	0.0	0.0	0.0	0.0	0.0	0.0	0.0	0.0	0.0	0.0	0.0	0.0	0.0	0.0	0.0	0.0	0.0	0.0
D_0__Bacteria;D_1__Latescibacteria;D_2__uncultured bacterium	0.00469047207332	0.000837686404982	0.00284648606203	0.0048157688431	0.00194431108977	0.00153598893274	0.00115575338722	0.00283782496905	0.00576288439752	0.0027114967462	0.00161409005673	0.00106488826741	0.00324927597655	0.00241655441309	0.00269921457281	0.00184558597355	0.00361811738781	0.00158763208578	0.00260649865677	0.00262404139333	0.00256385603948	0.00259360771966	0.00687109646843	0.00767233436636	0.000245720370219	0.00542177684714	0.00569768380276	0.00913074301528	0.00666812137393	0.00459418070444
D_0__Bacteria;D_1__Latescibacteria;D_2__uncultured prokaryote	0.0	0.0	1.7321416199e-05	0.00051197542518	1.20019203072e-05	0.0	7.80914450822e-06	0.0	5.47282468901e-05	0.0	0.0	1.88237825046e-05	5.65091474182e-05	6.76905998064e-06	0.000140123160884	0.0	3.47418679213e-05	4.33779258411e-05	0.0	0.000138593735563	3.20482004935e-05	0.0	0.000387600313604	6.70072870425e-05	0.0	0.0001776099312	0.000112985231216	0.00117017005902	0.000269548698465	0.0
D_0__Bacteria;D_1__Latescibacteria;D_2__uncultured proteobacterium	0.0	0.0	0.0	3.19984640737e-05	0.0	0.0	0.0	0.0	5.47282468901e-06	0.0	0.0	0.0	0.0	0.0	4.42494192264e-05	0.0	4.96312398876e-06	0.0	0.0	0.0	0.0	0.0	0.0	0.0	0.0	0.0	0.0	0.0	6.41782615393e-06	0.0
D_0__Bacteria;D_1__Latescibacteria;D_2__uncultured soil bacterium	4.32301573578e-05	0.000410940500557	2.88690269983e-05	0.00199990400461	0.000186029764762	4.06884485495e-05	2.34274335247e-05	9.52290258071e-05	0.000284586883828	3.01277416245e-05	0.0	4.57149003684e-05	0.000141272868546	0.000135381199613	0.000228621999336	0.0	0.000302750563315	6.07290961775e-05	0.0	7.3916658967e-05	0.000208313303208	0.00013590957483	0.000757582431135	0.000217773682888	0.0	0.000626308704756	0.000441180426654	0.00245991954013	0.00207295784772	0.0
D_0__Bacteria;D_1__Lentisphaerae;D_2__Lentisphaeria	0.0	0.0	0.0	0.0	0.0	0.0	0.0	0.0	0.0	0.0	0.0	0.0	0.0	0.0	0.0	0.0	0.0	0.0	0.0	0.0	0.0	0.0	0.0	0.0	0.0	0.0	0.0	1.70827745842e-05	0.0	0.0
D_0__Bacteria;D_1__Nitrospirae;D_2__4-29-1	0.0	0.0	0.0	0.0	1.20019203072e-05	0.0	0.0	0.0	0.0	0.0	0.0	2.68911178638e-06	0.0	0.0	8.11239352483e-05	0.0	0.0	2.60267555047e-05	0.0	0.0	0.0	3.39773937074e-05	0.0	0.0	0.0	0.0	0.0	8.54138729212e-06	0.0	0.0
D_0__Bacteria;D_1__Nitrospirae;D_2__Nitrospira	0.0122773646896	0.00308205375418	0.00568142451327	0.0116314416908	0.00811929908785	0.00475037636815	0.00322517668189	0.00818017331683	0.00909036180844	0.00685406121957	0.0068598827411	0.00650630596714	0.00327753055026	0.00837332719605	0.0072200302371	0.00494831021893	0.00442710659798	0.00535283604879	0.00562875783549	0.00451815577936	0.00328494055059	0.0158561170634	0.00922312564417	0.00584638579446	0.00122860185109	0.00388872270416	0.00653162241412	0.00600459526636	0.0134710170971	0.00306278713629
D_0__Bacteria;D_1__Nitrospirae;D_2__Thermodesulfovibrionia	0.0	0.0	0.0	0.0	0.0	0.0	0.0	0.0	0.0	0.0	0.0	0.0	0.0	0.0	4.42494192264e-05	0.0	0.0	0.0	0.0	0.0	0.0	0.0	0.0	0.0	0.0	0.0	0.0	0.0	0.0	0.0
D_0__Bacteria;D_1__Omnitrophicaeota;Ambiguous_taxa	0.0	0.0	0.0	0.0	0.0	0.0	7.80914450822e-06	9.52290258071e-06	0.0	0.0	0.0	2.01683383978e-06	0.0	0.0	1.47498064088e-05	0.0	0.0	0.0	0.0	9.23958237088e-06	0.0	1.13257979025e-05	0.0	0.0	0.0	0.0	0.0	8.54138729212e-06	0.0	0.0
D_0__Bacteria;D_1__Omnitrophicaeota;D_2__Omnitrophia	0.000162113090092	6.32216154703e-05	3.4642832398e-05	7.99961601843e-05	0.000114018242919	7.12047849615e-05	7.0282300574e-05	9.52290258071e-05	1.6418474067e-05	1.50638708122e-05	0.000308576040257	7.52951300186e-05	0.000141272868546	0.000121843079652	0.000169622773701	8.02428684151e-05	6.94837358427e-05	0.000112782607187	6.39631572214e-05	7.3916658967e-05	0.000128192801974	0.000260493351757	9.6900078401e-05	1.67518217606e-05	0.000109209053431	6.54352378103e-05	3.76617437387e-05	5.97897110449e-05	0.000166863480002	0.0
D_0__Bacteria;D_1__Omnitrophicaeota;D_2__metagenome	0.0	7.90270193379e-06	0.0	0.0	0.0	0.0	0.0	0.0	0.0	0.0	0.0	2.68911178638e-06	0.0	0.0	0.0	0.0	0.0	0.0	0.0	0.0	0.0	0.0	0.0	0.0	0.0	0.0	0.0	0.0	0.0	0.0
D_0__Bacteria;D_1__Omnitrophicaeota;D_2__uncultured bacterium	0.000118882932734	7.90270193379e-06	1.15476107993e-05	4.79976961106e-05	7.20115218435e-05	5.08605606868e-05	2.34274335247e-05	9.52290258071e-06	0.000169657565359	0.000120510966498	0.000118683092407	2.01683383978e-05	5.65091474182e-05	8.12287197677e-05	0.00011799845127	0.000133738114025	1.98524959551e-05	1.73511703364e-05	6.39631572214e-05	6.46770765961e-05	8.01205012339e-06	0.000101932181122	5.28545882187e-05	3.35036435212e-05	0.0	2.80436733473e-05	2.69012455277e-05	1.70827745842e-05	0.000263130872311	0.0
D_0__Bacteria;D_1__PAUC34f;D_2__uncultured bacterium	0.0	0.0	0.0	0.0	0.0	0.0	0.0	0.0	0.0	0.0	0.0	0.0	0.0	0.0	0.0	0.0	0.0	0.0	0.0	0.0	0.0	0.0	0.0	0.0	0.0	0.0	0.0	0.0	1.92534784618e-05	0.0
D_0__Bacteria;D_1__Patescibacteria;D_2__ABY1	0.0	1.58054038676e-05	0.0	0.0	1.20019203072e-05	1.01721121374e-05	0.0	0.0	0.0	0.0	0.000118683092407	1.54623927717e-05	0.0	0.0	0.0	1.33738114025e-05	9.92624797753e-06	8.67558516822e-06	0.0	0.0	8.01205012339e-06	0.0	0.0	0.0	0.0	0.0	5.38024910553e-06	0.0	1.28356523079e-05	0.0
D_0__Bacteria;D_1__Patescibacteria;D_2__Berkelbacteria	0.0	7.90270193379e-06	0.0	0.0	0.0	0.0	0.0	0.0	0.0	0.0	0.0	0.0	0.0	0.0	0.0	0.0	0.0	0.0	0.0	0.0	0.0	0.0	0.0	0.0	0.0	0.0	0.0	1.70827745842e-05	0.0	0.0
D_0__Bacteria;D_1__Patescibacteria;D_2__Gracilibacteria	6.48452360367e-05	4.74162116027e-05	2.30952215987e-05	4.79976961106e-05	3.00048007681e-05	7.12047849615e-05	3.90457225411e-05	9.52290258071e-05	0.0	1.50638708122e-05	0.000118683092407	4.57149003684e-05	0.0	2.70762399226e-05	8.11239352483e-05	4.01214342075e-05	5.45943638764e-05	1.73511703364e-05	9.59447358322e-05	2.77187471126e-05	3.20482004935e-05	0.0	6.16636862552e-05	6.70072870425e-05	0.000109209053431	5.60873466946e-05	0.000172167971377	2.56241618764e-05	2.56713046157e-05	0.0
D_0__Bacteria;D_1__Patescibacteria;D_2__Kazania	1.08075393394e-05	0.0	0.0	0.0	0.0	0.0	0.0	0.0	0.0	0.0	0.0	0.0	0.0	0.0	0.0	0.0	0.0	0.0	0.0	0.0	0.0	0.0	0.0	0.0	0.0	0.0	0.0	0.0	0.0	0.0
D_0__Bacteria;D_1__Patescibacteria;D_2__Microgenomatia	0.0	1.58054038676e-05	7.50594701956e-05	1.59992320369e-05	6.00096015362e-06	0.0	7.80914450822e-06	9.52290258071e-06	1.6418474067e-05	4.51916124367e-05	4.74732369627e-05	6.72277946594e-06	1.41272868546e-05	4.73834198645e-05	0.000191747483314	0.0	3.47418679213e-05	0.0	4.79723679161e-05	9.23958237088e-06	0.0	9.06063832197e-05	8.80909803645e-06	0.0	2.73022633576e-05	0.0	1.07604982111e-05	8.54138729212e-06	6.41782615393e-06	0.0
D_0__Bacteria;D_1__Patescibacteria;D_2__Parcubacteria	0.000118882932734	3.16108077352e-05	2.88690269983e-05	4.79976961106e-05	6.00096015362e-05	6.10326728242e-05	7.0282300574e-05	9.52290258071e-05	5.47282468901e-05	3.01277416245e-05	0.000237366184813	1.14287250921e-05	0.0	5.41524798451e-05	5.16243224308e-05	0.0	1.48893719663e-05	7.8080266514e-05	9.59447358322e-05	4.61979118544e-05	4.00602506169e-05	0.00013590957483	7.92818823281e-05	3.35036435212e-05	0.000245720370219	2.80436733473e-05	8.60839856885e-05	1.70827745842e-05	1.28356523079e-05	0.0
D_0__Bacteria;D_1__Patescibacteria;D_2__Saccharimonadia	0.000443109112917	0.000213372952212	0.000225178410587	0.000319984640737	0.000144023043687	0.000376368149082	0.000210846901722	5.71374154842e-05	3.8309772823e-05	0.000150638708122	0.000522205606589	0.000147228870304	7.06364342728e-05	0.000297838639148	7.3749032044e-05	4.01214342075e-05	0.000392086795112	0.000112782607187	0.000383778943329	0.000175552065047	0.000272409704195	0.000215190160147	9.6900078401e-05	0.000217773682888	8.19067900729e-05	0.000215001495663	0.000172167971377	0.000367279653561	0.000115520870771	0.0
D_0__Bacteria;D_1__Patescibacteria;D_2__uncultured	0.0	0.0	0.0	6.39969281474e-05	6.00096015362e-06	2.03442242747e-05	0.0	2.85687077421e-05	1.0945649378e-05	0.0	0.0	3.36138973297e-06	0.0	0.0	0.0	0.0	9.92624797753e-06	0.0	0.0	0.0	1.60241002468e-05	0.0	0.0	0.0	0.0	0.0	0.0	0.0	0.0	0.0
D_0__Bacteria;D_1__Planctomycetes;D_2__028H05-P-BN-P5	0.0	0.0	0.0	0.0	0.0	0.0	0.0	0.0	0.0	0.0	0.0	4.03366767957e-06	0.0	0.0	0.0	0.0	0.0	0.0	0.0	0.0	0.0	0.0	0.0	1.67518217606e-05	0.0	0.0	5.38024910553e-06	0.0	1.28356523079e-05	0.0
D_0__Bacteria;D_1__Planctomycetes;D_2__BD7-11	6.48452360367e-05	0.000237081058014	2.30952215987e-05	0.000159992320369	6.00096015362e-05	2.03442242747e-05	6.24731560658e-05	6.66603180649e-05	2.1891298756e-05	4.51916124367e-05	0.0	9.277435663e-05	0.000141272868546	5.41524798451e-05	2.94996128176e-05	4.01214342075e-05	0.000228303703483	0.000104107022019	9.59447358322e-05	3.69583294835e-05	8.81325513572e-05	0.00013590957483	0.000176181960729	0.00026802914817	2.73022633576e-05	0.000215001495663	0.000177548220483	0.000495400462943	0.000218206089233	0.0
D_0__Bacteria;D_1__Planctomycetes;D_2__OM190	0.00233442849732	0.000837686404982	0.00186493914409	0.00601571124586	0.00396063370139	0.00190218496969	0.00328764983796	0.00336158461099	0.0101301984994	0.00358520125331	0.00272971112535	0.00876852125743	0.0080525535071	0.00360790896968	0.00393082340794	0.00573736509168	0.00781195715831	0.0160585081464	0.00481322758091	0.00458283285595	0.00665000160241	0.00442838697986	0.00883552533056	0.00921350196834	0.00057334753051	0.00836636254861	0.00474537971108	0.0195512355117	0.00886301791857	0.00153139356815
D_0__Bacteria;D_1__Planctomycetes;D_2__Phycisphaerae	0.00884056717966	0.0126364203921	0.00866070809949	0.00915156072509	0.00483677388382	0.00819872238272	0.0068408105892	0.00557089800971	0.0053250584224	0.00509158833454	0.00792803057276	0.0073325355635	0.00413929504839	0.00621399706223	0.00449869095468	0.00603158894253	0.00742483348719	0.0059774781809	0.00725981834463	0.00564538482861	0.00753933916611	0.0064330532086	0.010148080938	0.0110897060055	0.00155622901139	0.0108622494765	0.0103677400264	0.0110952620925	0.0109038866355	0.00918836140888
D_0__Bacteria;D_1__Planctomycetes;D_2__Pla3 lineage	1.08075393394e-05	0.0	7.50594701956e-05	0.000623970049438	0.000342054728757	0.0	2.34274335247e-05	0.000190458051614	0.000333842306029	0.00013557483731	0.0	0.000331433027671	0.000254291163382	7.4459659787e-05	0.000346620450607	8.02428684151e-05	0.00048142302691	0.000225565214374	4.79723679161e-05	0.000230989559272	0.000288433804442	0.000237841755952	0.000898527999718	0.000636569226903	0.0	0.000215001495663	0.000322814946332	0.00128974948111	0.0013926682754	0.0
D_0__Bacteria;D_1__Planctomycetes;D_2__Pla4 lineage	0.000616029742348	0.000434648606359	0.000877618420749	0.00100795161832	0.000630100816131	0.00156650526915	0.000288938346804	0.000514236739358	0.00222196682374	0.000497107736804	0.0010206745947	0.000507569849679	0.000833509924419	0.000643060698161	0.00125373354475	0.00140425019726	0.00180161400792	0.000624642132112	0.000639631572214	0.000748406172041	0.000753132711598	0.0013704215462	0.00222870180322	0.00125638663205	5.46045267153e-05	0.000785222853724	0.000570306405187	0.00306635803787	0.00134774349232	0.0
D_0__Bacteria;D_1__Planctomycetes;D_2__Planctomycetacia	0.0336330624243	0.0463019306301	0.0283782535393	0.0283986368654	0.0331913106097	0.0313809659438	0.0337042676975	0.0296733644415	0.0304124867968	0.0388497228248	0.0241401409955	0.0278040713152	0.0332556332556	0.0355037195985	0.0375530071168	0.0434381394354	0.0331834469889	0.0449655579269	0.0309421773059	0.035101173427	0.036687177515	0.034487054613	0.0393150045367	0.0317279504146	0.0429737625249	0.0258843104996	0.0364458074409	0.0346097013077	0.0394054525851	0.0306278713629
D_0__Bacteria;D_1__Planctomycetes;D_2__vadinHA49	0.000335033719523	0.000806075597247	0.000421487794175	9.59953922212e-05	0.000444071051368	0.00053912194328	0.000273320057788	0.00026664127226	0.000136820617225	0.000301277416245	0.000332312658739	0.000240675504881	0.0001554001554	0.000182764619477	0.00018437258011	0.000280850039453	0.000446681158989	0.000138809362692	0.000303824996802	0.000323385382981	0.000376566355799	1.13257979025e-05	0.000176181960729	0.000150766395846	8.19067900729e-05	6.54352378103e-05	0.000166787722272	0.00016228635855	1.92534784618e-05	0.0
D_0__Bacteria;D_1__Proteobacteria;D_2__Alphaproteobacteria	0.118526283936	0.0833814081034	0.109032541167	0.109546741756	0.0932849255881	0.142145095008	0.171980789505	0.114893819636	0.0921459492888	0.0958514099783	0.108713712644	0.0932859601474	0.107056579784	0.135387968673	0.0724362992736	0.0756155296698	0.0995453778426	0.0833116443704	0.119898938212	0.114450706828	0.0905361663943	0.0804811198949	0.0949444586369	0.0984504564871	0.149998634887	0.101247008675	0.109391224814	0.0860971839046	0.0876931765672	0.105666156202
D_0__Bacteria;D_1__Proteobacteria;D_2__Deltaproteobacteria	0.051930226526	0.0435754984629	0.0624263839812	0.0799801609523	0.0790506481037	0.0623347031778	0.0667057123892	0.0654128178269	0.0541590731224	0.0671246083394	0.0490398537824	0.0684809207519	0.0609168609169	0.0587960549918	0.0604963309857	0.0597274417236	0.080824474157	0.0638870091788	0.0587341691186	0.0621361914441	0.062469954812	0.0827123020817	0.0722081766048	0.083625094229	0.023589155541	0.0603780287167	0.0760175396121	0.0932634078427	0.0870706474303	0.0505359877489
D_0__Bacteria;D_1__Proteobacteria;D_2__Gammaproteobacteria	0.119823188656	0.0751309872846	0.100741356613	0.0772122938099	0.0907165146423	0.138533995199	0.149584163055	0.0806399390534	0.124282375863	0.0962280067486	0.126492439887	0.190516847285	0.137105318924	0.152006010925	0.106596850916	0.125165500916	0.0885570213315	0.0810386410563	0.161011257516	0.072844867412	0.0849838156588	0.12791356151	0.0749389969961	0.109456403384	0.202855816747	0.0693706999701	0.0880370161138	0.095142513047	0.0799917851825	0.156202143951
D_0__Bacteria;D_1__Rokubacteria;D_2__NC10	0.00382586892616	0.000324010779285	0.0033488071318	0.0175351583124	0.0146003360538	0.00468934369532	0.00523212682051	0.0108084944291	0.0116899535357	0.00662810315739	0.00401148852334	0.00217885282491	0.0158508158508	0.00761519247822	0.00819351746008	0.00394527436374	0.0151871594056	0.00674092967571	0.00439746705897	0.010265176014	0.00626542319649	0.0212585226629	0.0150635576423	0.0231845213167	0.000819067900729	0.0237623392163	0.0139725069271	0.0181589893831	0.0201455562972	0.0183767228178
D_0__Bacteria;D_1__RsaHF231;D_2__uncultured bacterium	0.0	0.0	0.0	0.0	0.0	0.0	0.0	0.0	1.0945649378e-05	0.0	0.0	6.72277946594e-07	1.41272868546e-05	1.35381199613e-05	0.0	0.0	0.0	0.0	0.0	0.0	0.0	0.0	0.0	0.0	0.0	0.0	0.0	0.0	0.0	0.0
D_0__Bacteria;D_1__Spirochaetes;D_2__Leptospirae	1.08075393394e-05	0.0	0.0	0.0	7.20115218435e-05	1.01721121374e-05	7.80914450822e-06	2.85687077421e-05	0.0	0.0	0.0	4.70594562616e-06	0.0	3.38452999032e-05	0.0	0.0	6.45206118539e-05	8.67558516822e-06	0.0	9.23958237088e-06	0.0	0.0	0.0	0.000201021861127	2.73022633576e-05	2.80436733473e-05	0.000102224733005	0.000111038034798	1.28356523079e-05	0.0
D_0__Bacteria;D_1__Spirochaetes;D_2__Spirochaetia	1.08075393394e-05	2.37081058014e-05	8.08332755953e-05	0.0	0.0	0.000122065345648	7.80914450822e-06	0.0	4.37825975121e-05	0.0	0.0	6.72277946594e-06	0.0	0.0	0.0	1.33738114025e-05	0.000109188727753	0.0	0.0	9.23958237088e-06	0.0	0.0	8.80909803645e-06	0.0	0.0	1.86957822315e-05	5.38024910553e-06	0.000128120809382	6.41782615393e-06	0.0
D_0__Bacteria;D_1__Tenericutes;D_2__Mollicutes	0.0	9.48324232055e-05	5.77380539966e-05	1.59992320369e-05	2.40038406145e-05	2.03442242747e-05	0.000242083479755	0.000123797733549	0.000202494513493	0.000436852253555	0.0	6.92446284992e-05	0.00234512961786	2.70762399226e-05	6.63741288396e-05	0.00010699049122	9.92624797753e-06	2.60267555047e-05	1.59907893054e-05	0.0	0.00125789186937	6.79547874148e-05	8.80909803645e-06	8.37591088031e-05	0.0	1.86957822315e-05	0.0	0.0	6.41782615393e-06	0.0
D_0__Bacteria;D_1__Verrucomicrobia;D_2__Verrucomicrobiae	0.164609631679	0.183034479489	0.179247788633	0.0878357838824	0.108821411426	0.141514424055	0.109085939635	0.221055137606	0.111065504239	0.125527235478	0.115621068623	0.104969478581	0.0920110192837	0.123948257306	0.111818282385	0.128883420486	0.17217077117	0.170371141533	0.0932422924396	0.0993347500693	0.211470050957	0.0488255147575	0.100890599811	0.0876790350951	0.065880361482	0.0687069997009	0.107804051328	0.120049198391	0.0942971196796	0.0949464012251
D_0__Bacteria;D_1__WOR-1;D_2__uncultured bacterium	0.0	0.0	0.0	0.0	0.0	0.0	0.0	0.0	0.0	0.0	0.0	0.0	0.0	0.0	7.3749032044e-06	0.0	0.0	0.0	0.0	0.0	0.0	0.0	0.0	0.0	0.0	0.0	0.0	0.0	0.0	0.0
D_0__Bacteria;D_1__WPS-2;Ambiguous_taxa	0.0	7.90270193379e-05	6.35118593963e-05	0.0	0.0	4.06884485495e-05	3.12365780329e-05	0.0	0.0	0.0	9.49464739253e-05	2.68911178638e-06	1.41272868546e-05	4.06143598838e-05	0.0	5.349524561e-05	4.96312398876e-06	1.73511703364e-05	0.0	9.23958237088e-06	0.0	0.0	0.0	0.0	0.0	9.34789111576e-06	0.0	0.0	1.28356523079e-05	0.0
D_0__Bacteria;D_1__WPS-2;D_2__Burkholderiales bacterium Beta_02	0.0	0.0	0.0	0.0	0.0	0.0	0.0	0.0	0.0	1.50638708122e-05	0.0	0.0	0.0	0.0	0.0	0.0	0.0	0.0	0.0	0.0	0.0	0.0	0.0	0.0	0.0	0.0	1.61407473166e-05	0.0	0.0	0.0
D_0__Bacteria;D_1__WPS-2;D_2__metagenome	4.32301573578e-05	3.9513509669e-05	1.7321416199e-05	1.59992320369e-05	4.20067210754e-05	3.05163364121e-05	7.80914450822e-06	6.66603180649e-05	1.0945649378e-05	1.50638708122e-05	7.1209855444e-05	2.55465619706e-05	9.88910079819e-05	0.000121843079652	6.63741288396e-05	1.33738114025e-05	7.94099838202e-05	6.94046813458e-05	6.39631572214e-05	2.77187471126e-05	4.00602506169e-05	4.53031916098e-05	5.28545882187e-05	3.35036435212e-05	0.0	3.73915644631e-05	1.61407473166e-05	8.54138729212e-06	3.20891307696e-05	0.0
D_0__Bacteria;D_1__WPS-2;D_2__uncultured bacterium	3.24226180183e-05	0.00128814041521	4.61904431973e-05	0.0	1.80028804609e-05	0.0	3.12365780329e-05	0.0	0.0	0.0	0.000427259132664	0.0	0.0	0.0	0.0	0.0	0.0	0.0	0.0	0.0	0.0	0.0	0.0	0.0	0.0	0.0	0.0	0.0	0.0	0.0
D_0__Bacteria;D_1__WS1;D_2__uncultured bacterium	0.0	0.0	0.0	0.0	0.0	0.0	0.0	0.0	0.0	0.0	0.0	0.0	0.0	0.0	1.47498064088e-05	0.0	0.0	0.0	0.0	0.0	0.0	0.0	0.0	0.0	0.0	0.0	0.0	0.0	0.0	0.0
D_0__Bacteria;D_1__WS1;D_2__uncultured bacterium SJA-43	0.0	0.0	0.0	0.0	0.0	0.0	0.0	0.0	0.0	0.0	0.0	6.72277946594e-07	0.0	0.0	7.3749032044e-06	0.0	0.0	0.0	0.0	0.0	0.0	0.0	0.0	0.0	0.0	0.0	0.0	0.0	0.0	0.0
D_0__Bacteria;D_1__WS2;D_2__metagenome	1.08075393394e-05	0.0	0.0	0.0	0.0	0.0	0.0	0.0	0.0	0.0	0.0	0.0	0.0	0.0	0.0	0.0	0.0	0.0	0.0	0.0	0.0	0.0	0.0	0.0	0.0	0.0	0.0	0.0	0.0	0.0
D_0__Bacteria;D_1__WS2;D_2__uncultured bacterium	2.16150786789e-05	7.90270193379e-06	0.0	0.0	0.0	0.0	0.0	0.0	0.0	0.0	2.37366184813e-05	0.0	0.0	0.0	0.0	1.33738114025e-05	4.96312398876e-06	8.67558516822e-06	0.0	0.0	0.0	1.13257979025e-05	0.0	0.0	0.0	0.0	2.69012455277e-05	0.0	0.0	0.0
D_0__Bacteria;D_1__WS2;D_2__uncultured soil bacterium	0.0	7.90270193379e-06	5.77380539966e-06	3.19984640737e-05	6.00096015362e-06	2.03442242747e-05	5.46640115575e-05	0.0	0.0	9.03832248735e-05	0.0	1.34455589319e-06	2.82545737091e-05	2.70762399226e-05	0.0	0.0	4.96312398876e-06	8.67558516822e-06	0.0	3.69583294835e-05	8.01205012339e-06	0.0	0.0	3.35036435212e-05	0.0	2.80436733473e-05	2.69012455277e-05	0.0	0.0	0.0
D_0__Bacteria;D_1__WS4;D_2__uncultured bacterium	0.0	0.0	0.0	0.0	0.0	0.0	0.0	0.0	5.47282468901e-06	0.0	0.0	0.0	0.0	0.0	0.000132748257679	0.0	0.0	0.0	0.0	0.0	0.0	0.0	0.0	0.0	0.0	0.0	0.0	0.0	6.41782615393e-06	0.0
D_0__Bacteria;D_1__Zixibacteria;Ambiguous_taxa	0.0	0.0	0.0	0.0	0.0	0.0	0.0	0.0	0.0	0.0	0.0	0.0	0.0	0.0	1.47498064088e-05	0.0	0.0	0.0	0.0	0.0	0.0	0.0	0.0	0.0	0.0	0.0	0.0	0.0	0.0	0.0
D_0__Bacteria;D_1__Zixibacteria;D_2__uncultured bacterium	0.0	0.0	0.0	1.59992320369e-05	0.0	0.0	7.80914450822e-06	0.0	0.0	1.50638708122e-05	0.0	0.0	0.0	0.0	7.3749032044e-06	0.0	0.0	0.0	0.0	0.0	0.0	0.0	1.76181960729e-05	0.0	0.0	0.0	0.0	5.12483237527e-05	4.49247830775e-05	0.0