	515rcbc32	515rcbc25	515rcbc16	515rcbc34	515rcbc29	515rcbc11	515rcbc31	515rcbc33	515rcbc10	515rcbc9	515rcbc8	515rcbc12	515rcbc27	515rcbc19	515rcbc30	515rcbc23	515rcbc22	515rcbc28	515rcbc37	515rcbc17	515rcbc14	515rcbc35	515rcbc18	515rcbc13	515rcbc36	515rcbc15	515rcbc24	515rcbc21	515rcbc26	515rcbc20
515rcbc32	0.0	7765.06761078	8760.1358437	7511.91992769	7545.58003072	3174.61808727	5232.76361018	6891.46080305	7484.9231793	5620.23647189	6132.01198629	79289.1050523	7131.10825889	5357.25965396	7889.50055453	6093.76328717	10982.8409804	6264.41936655	6987.18097662	7245.57409734	7618.9137021	9203.56387493	7768.72866047	7793.88215205	8816.37856492	8304.79078605	12263.693367	8636.6099252	11451.2129489	8633.25494816
515rcbc25	7765.06761078	0.0	8183.40974167	13245.5756387	12112.380567	8308.83607974	9039.35218918	6505.55969921	11260.5904819	11244.598481	11574.7140785	80215.1322445	12918.025778	10787.449745	12833.2291338	11793.4827765	13249.0933652	11096.908984	12794.287358	12498.4226605	10778.7803113	14850.6116036	13391.6716656	13662.4386549	13880.9679057	13730.3428581	16475.7072079	14066.0723018	15948.5303085	13879.9842219
515rcbc16	8760.1358437	8183.40974167	0.0	14238.6490581	11042.3778236	8658.16158315	7246.11502807	6159.41523198	8931.44271661	12155.1129982	13738.0079706	76791.4416455	14003.7946643	9782.21861338	11603.8294972	12698.8410101	10931.9199595	10349.4491641	14106.8696031	12504.7559752	10179.53997	15398.1627475	13394.7757353	14739.4135908	15979.9523466	14159.9239405	14491.2464267	14296.586061	14781.619803	16174.7763818
515rcbc34	7511.91992769	13245.5756387	14238.6490581	0.0	6509.78501949	7034.44503852	9463.98996196	11469.5667311	9595.76229385	3421.84350899	4040.12475055	79985.1073701	2517.61633296	6497.43056908	7350.4997109	3626.67506126	12121.1569167	5804.56053461	2752.0946568	3649.94287627	8199.75176454	5387.49561485	3194.39759579	2748.84230177	5398.61778606	3797.06452408	10054.8601184	4999.70619137	7884.92961288	4389.54188954
515rcbc29	7545.58003072	12112.380567	11042.3778236	6509.78501949	0.0	6893.81737501	7824.27102036	9342.36297732	6786.07065981	6041.41771441	8188.35948161	76893.480881	6706.77262176	5438.08964619	6160.54583621	6514.56452881	9424.92005271	4817.84204805	7245.20972781	4593.64365183	6944.47435016	7795.5819539	5169.7356799	7481.20665401	9837.69937536	6053.40152311	8506.84447959	7153.57442122	7628.86544645	9729.99799589
515rcbc11	3174.61808727	8308.83607974	8658.16158315	7034.44503852	6893.81737501	0.0	4864.59299428	6824.29307694	7272.58475372	5075.25309714	6038.19915207	78859.313261	6687.24405118	4980.21375043	7673.18610487	5538.74254682	10737.166386	5886.45088317	6371.26941826	6466.79132182	7273.80148203	9048.29608269	7341.40388482	7461.78524215	8569.15567603	7800.22333014	11872.8220319	8266.51032782	11055.0478063	8415.303619
515rcbc31	5232.76361018	9039.35218918	7246.11502807	9463.98996196	7824.27102036	4864.59299428	0.0	7229.74985736	6558.61997679	7704.94198551	9077.86010027	77066.039557	8960.76168637	5243.46641069	8804.5233829	8018.91887975	9766.17678521	6930.07481922	9154.26004656	8369.32010381	8056.3822526	10744.7968338	8795.22870652	9534.6086443	11360.0741195	9327.61668381	11314.0185611	9593.70137121	11604.2763238	11437.5629397
515rcbc33	6891.46080305	6505.55969921	6159.41523198	11469.5667311	9342.36297732	6824.29307694	7229.74985736	0.0	8752.97086708	9717.52581679	10992.6000109	78882.6955802	11417.6589982	8623.5855072	10450.6715095	10458.4742195	9814.71711258	8418.92843538	11544.9580337	10088.7975498	7499.51371757	13326.2797509	11064.3887766	12305.8109444	13128.0043038	11635.8043126	13385.8431561	12214.2171669	13061.7696351	13165.7024499
515rcbc10	7484.9231793	11260.5904819	8931.44271661	9595.76229385	6786.07065981	7272.58475372	6558.61997679	8752.97086708	0.0	8300.29342855	10275.8832224	75270.6898135	9292.66032953	5825.21896584	7124.2772265	8530.25193063	9304.35591538	6445.72222486	9819.01201751	7842.72535539	8347.00910506	10323.6216998	8173.63774583	9873.33499887	12289.5794883	8941.90488654	10260.8141977	9010.13673592	10181.4266682	12341.1983211
515rcbc9	5620.23647189	11244.598481	12155.1129982	3421.84350899	6041.41771441	5075.25309714	7704.94198551	9717.52581679	8300.29342855	0.0	3449.60331053	79726.0881142	3363.40586311	5180.38463823	6452.79745537	2527.02611779	12007.57894	5077.82512499	3094.01422104	4250.50796964	7872.24961494	5643.87437847	4635.77275112	3846.37062697	5695.17383405	5346.84299377	11049.261016	6095.04577505	9211.74608855	4958.27117048
515rcbc8	6132.01198629	11574.7140785	13738.0079706	4040.12475055	8188.35948161	6038.19915207	9077.86010027	10992.6000109	10275.8832224	3449.60331053	0.0	81135.9800027	3557.79454157	6986.57555602	8439.51278215	3361.07036523	13600.2467257	6979.57040225	2860.48265158	5941.69580171	9256.54552195	6674.32790624	6174.3535694	3936.46668981	4437.62639257	6355.38551152	12833.1746657	6869.52458326	10956.8314307	3082.96707735
515rcbc12	79289.1050523	80215.1322445	76791.4416455	79985.1073701	76893.480881	78859.313261	77066.039557	78882.6955802	75270.6898135	79726.0881142	81135.9800027	0.0	79381.4403434	76869.2471994	78030.8346937	78975.9166265	73916.6892522	77235.3741365	80002.1787453	78542.3358451	76952.6152512	79541.0439836	78219.5448913	79397.1078503	81951.177911	78681.3495309	74812.6114435	77411.4880428	77276.3952834	82362.5763378
515rcbc27	7131.10825889	12918.025778	14003.7946643	2517.61633296	6706.77262176	6687.24405118	8960.76168637	11417.6589982	9292.66032953	3363.40586311	3557.79454157	79381.4403434	0.0	5959.44208798	7688.08779867	2580.63093061	12198.2200751	5614.44396178	2214.76793367	4156.93432712	8363.58362187	5829.86749421	3910.01355496	2061.77156834	5122.7149052	3954.8171892	10646.2991692	4894.79682929	9148.77538253	4159.30907724
515rcbc19	5357.25965396	10787.449745	9782.21861338	6497.43056908	5438.08964619	4980.21375043	5243.46641069	8623.5855072	5825.21896584	5180.38463823	6986.57555602	76869.2471994	5959.44208798	0.0	6632.00135706	5226.32413844	9354.14651371	4130.59668813	6352.37207663	5485.38011445	6881.82512129	7950.85121229	5570.99003769	6534.22436101	8967.57603815	6500.74803388	9345.09582615	6687.37736336	9053.8658594	8962.94293187
515rcbc30	7889.50055453	12833.2291338	11603.8294972	7350.4997109	6160.54583621	7673.18610487	8804.5233829	10450.6715095	7124.2772265	6452.79745537	8439.51278215	78030.8346937	7688.08779867	6632.00135706	0.0	7251.03109909	11239.4683593	6166.84254704	7833.88454089	6150.23145906	8598.33582736	7524.90910244	6473.09184239	8122.29068675	10238.8717152	7564.30452851	9838.70316658	8241.6289652	8181.73520716	10032.877952
515rcbc23	6093.76328717	11793.4827765	12698.8410101	3626.67506126	6514.56452881	5538.74254682	8018.91887975	10458.4742195	8530.25193063	2527.02611779	3361.07036523	78975.9166265	2580.63093061	5226.32413844	7251.03109909	0.0	12026.2985577	5057.09017123	2528.30635011	4643.31379513	8052.31202823	6200.51360776	4733.20652412	3123.00208133	5470.42466359	5160.75624303	11007.1392287	5570.81376461	9604.30523255	4697.12486528
515rcbc22	10982.8409804	13249.0933652	10931.9199595	12121.1569167	9424.92005271	10737.166386	9766.17678521	9814.71711258	9304.35591538	12007.57894	13600.2467257	73916.6892522	12198.2200751	9354.14651371	11239.4683593	12026.2985577	0.0	8450.56684489	12976.1778656	10321.500763	5971.29969102	14031.4565887	10051.0428812	12718.8023414	15251.8599194	10868.2101562	7761.22355045	10727.6796652	10365.6782701	15373.7432982
515rcbc28	6264.41936655	11096.908984	10349.4491641	5804.56053461	4817.84204805	5886.45088317	6930.07481922	8418.92843538	6445.72222486	5077.82512499	6979.57040225	77235.3741365	5614.44396178	4130.59668813	6166.84254704	5057.09017123	8450.56684489	0.0	6300.10015793	4521.05961031	5130.96365218	8067.78804878	4614.21293397	6299.20145733	8876.49745113	5914.84437665	8124.95679989	6121.80896468	7662.79100589	8669.34559237
515rcbc37	6987.18097662	12794.287358	14106.8696031	2752.0946568	7245.20972781	6371.26941826	9154.26004656	11544.9580337	9819.01201751	3094.01422104	2860.48265158	80002.1787453	2214.76793367	6352.37207663	7833.88454089	2528.30635011	12976.1778656	6300.10015793	0.0	4771.52512306	8929.60055098	5631.11427694	4783.35792096	2658.21312163	4609.71701951	4955.86137821	11503.6048698	5693.25240965	9784.96131827	3450.26651145
515rcbc17	7245.57409734	12498.4226605	12504.7559752	3649.94287627	4593.64365183	6466.79132182	8369.32010381	10088.7975498	7842.72535539	4250.50796964	5941.69580171	78542.3358451	4156.93432712	5485.38011445	6150.23145906	4643.31379513	10321.500763	4521.05961031	4771.52512306	0.0	6923.15491665	6678.27058452	2995.87232705	4956.04691261	7508.72912016	3543.09017667	8603.26594963	5483.64522922	7189.19077505	7087.17440169
515rcbc14	7618.9137021	10778.7803113	10179.53997	8199.75176454	6944.47435016	7273.80148203	8056.3822526	7499.51371757	8347.00910506	7872.24961494	9256.54552195	76952.6152512	8363.58362187	6881.82512129	8598.33582736	8052.31202823	5971.29969102	5130.96365218	8929.60055098	6923.15491665	0.0	10725.2734231	7053.96519697	9070.91853122	11006.828744	8165.99767328	8323.60600942	8331.73817399	8633.89240146	10914.1755071
515rcbc35	9203.56387493	14850.6116036	15398.1627475	5387.49561485	7795.5819539	9048.29608269	10744.7968338	13326.2797509	10323.6216998	5643.87437847	6674.32790624	79541.0439836	5829.86749421	7950.85121229	7524.90910244	6200.51360776	14031.4565887	8067.78804878	5631.11427694	6678.27058452	10725.2734231	0.0	6136.35795892	5646.67114325	7620.71276194	6889.06350675	11536.4167314	7476.34502949	9135.79454673	6973.83932995
515rcbc18	7768.72866047	13391.6716656	13394.7757353	3194.39759579	5169.7356799	7341.40388482	8795.22870652	11064.3887766	8173.63774583	4635.77275112	6174.3535694	78219.5448913	3910.01355496	5570.99003769	6473.09184239	4733.20652412	10051.0428812	4614.21293397	4783.35792096	2995.87232705	7053.96519697	6136.35795892	0.0	4260.26877086	7554.31691154	2957.50283178	7711.84569348	4049.93135744	6289.53503846	7081.92699765
515rcbc13	7793.88215205	13662.4386549	14739.4135908	2748.84230177	7481.20665401	7461.78524215	9534.6086443	12305.8109444	9873.33499887	3846.37062697	3936.46668981	79397.1078503	2061.77156834	6534.22436101	8122.29068675	3123.00208133	12718.8023414	6299.20145733	2658.21312163	4956.04691261	9070.91853122	5646.67114325	4260.26877086	0.0	5186.58134034	4442.74295903	10811.317496	4684.97449299	9267.64668079	4093.27057498
515rcbc36	8816.37856492	13880.9679057	15979.9523466	5398.61778606	9837.69937536	8569.15567603	11360.0741195	13128.0043038	12289.5794883	5695.17383405	4437.62639257	81951.177911	5122.7149052	8967.57603815	10238.8717152	5470.42466359	15251.8599194	8876.49745113	4609.71701951	7508.72912016	11006.828744	7620.71276194	7554.31691154	5186.58134034	0.0	7549.36917894	13983.5551274	8057.88868129	11942.6219483	3701.31706288
515rcbc15	8304.79078605	13730.3428581	14159.9239405	3797.06452408	6053.40152311	7800.22333014	9327.61668381	11635.8043126	8941.90488654	5346.84299377	6355.38551152	78681.3495309	3954.8171892	6500.74803388	7564.30452851	5160.75624303	10868.2101562	5914.84437665	4955.86137821	3543.09017667	8165.99767328	6889.06350675	2957.50283178	4442.74295903	7549.36917894	0.0	8672.45484278	4956.95985459	7852.46292573	7046.83255087
515rcbc24	12263.693367	16475.7072079	14491.2464267	10054.8601184	8506.84447959	11872.8220319	11314.0185611	13385.8431561	10260.8141977	11049.261016	12833.1746657	74812.6114435	10646.2991692	9345.09582615	9838.70316658	11007.1392287	7761.22355045	8124.95679989	11503.6048698	8603.26594963	8323.60600942	11536.4167314	7711.84569348	10811.317496	13983.5551274	8672.45484278	0.0	9348.97384743	6396.4243918	13964.9179017
515rcbc21	8636.6099252	14066.0723018	14296.586061	4999.70619137	7153.57442122	8266.51032782	9593.70137121	12214.2171669	9010.13673592	6095.04577505	6869.52458326	77411.4880428	4894.79682929	6687.37736336	8241.6289652	5570.81376461	10727.6796652	6121.80896468	5693.25240965	5483.64522922	8331.73817399	7476.34502949	4049.93135744	4684.97449299	8057.88868129	4956.95985459	9348.97384743	0.0	8341.47534912	7581.53216705
515rcbc26	11451.2129489	15948.5303085	14781.619803	7884.92961288	7628.86544645	11055.0478063	11604.2763238	13061.7696351	10181.4266682	9211.74608855	10956.8314307	77276.3952834	9148.77538253	9053.8658594	8181.73520716	9604.30523255	10365.6782701	7662.79100589	9784.96131827	7189.19077505	8633.89240146	9135.79454673	6289.53503846	9267.64668079	11942.6219483	7852.46292573	6396.4243918	8341.47534912	0.0	11730.0053282
515rcbc20	8633.25494816	13879.9842219	16174.7763818	4389.54188954	9729.99799589	8415.303619	11437.5629397	13165.7024499	12341.1983211	4958.27117048	3082.96707735	82362.5763378	4159.30907724	8962.94293187	10032.877952	4697.12486528	15373.7432982	8669.34559237	3450.26651145	7087.17440169	10914.1755071	6973.83932995	7081.92699765	4093.27057498	3701.31706288	7046.83255087	13964.9179017	7581.53216705	11730.0053282	0.0